1 0.161961 0.385802 0.055281 0.118583
1 0.332374 0.39758 0.038834 0.111274
0 0.364126 0.448749 0.025585 0.044672
1 0.402047 0.428444 0.016447 0.03655
0 0.443622 0.410575 0.018275 0.033301
1 0.473547 0.415042 0.017818 0.030864
0 0.521747 0.387427 0.040205 0.086095
0 0.555784 0.408138 0.017818 0.03655
0 0.60604 0.423571 0.035179 0.082034
0 0.834704 0.418291 0.015534 0.037362
1 0.844755 0.456059 0.017361 0.047921
1 0.895011 0.43819 0.01462 0.047921
0 0.908489 0.42154 0.012336 0.030864
0 0.952348 0.417073 0.017818 0.033301
