1 0.161812 0.406329 0.058657 0.127652
1 0.320843 0.383405 0.038936 0.119561
0 0.362055 0.458019 0.028317 0.062028
1 0.400991 0.423409 0.017193 0.035958
0 0.436135 0.403632 0.019721 0.03416
1 0.473048 0.409924 0.01871 0.03416
0 0.557241 0.397339 0.017193 0.04315
0 0.497067 0.395541 0.041464 0.088098
0 0.593396 0.436893 0.033879 0.084502
1 0.650789 0.428803 0.025283 0.064725
1 0.842941 0.445433 0.020227 0.047645
1 0.898817 0.440489 0.014664 0.046746
0 0.952923 0.421161 0.017698 0.035059
0 0.834345 0.410374 0.017193 0.033261
