1 0.166051 0.417164 0.057684 0.133413
1 0.31726 0.376344 0.039763 0.117483
0 0.364303 0.458483 0.025202 0.064715
1 0.402106 0.428614 0.015681 0.04082
0 0.432068 0.407208 0.018481 0.033851
1 0.47071 0.417164 0.012881 0.03186
0 0.489751 0.383811 0.042003 0.086619
0 0.556116 0.401235 0.017921 0.037834
0 0.587198 0.434588 0.035282 0.090601
1 0.648522 0.42961 0.029122 0.062724
0 0.835013 0.411191 0.019041 0.035842
1 0.842294 0.453007 0.020161 0.04779
1 0.897457 0.434588 0.017361 0.046794
0 0.955141 0.427121 0.018481 0.035842
