1 0.173383 0.38499 0.058023 0.133203
1 0.320724 0.385802 0.033808 0.115335
0 0.369609 0.460526 0.023757 0.061728
1 0.400448 0.426413 0.01599 0.037362
0 0.430373 0.411387 0.017361 0.034925
0 0.482228 0.381335 0.041575 0.09178
0 0.552586 0.405296 0.017818 0.040611
0 0.578171 0.425601 0.034265 0.087719
1 0.653098 0.430068 0.033352 0.060916
1 0.837902 0.46012 0.020102 0.046296
0 0.832876 0.420728 0.015534 0.032489
0 0.856177 0.43616 0.013706 0.030864
1 0.896382 0.43819 0.013706 0.049545
0 0.909174 0.420322 0.012792 0.031676
0 0.959658 0.419916 0.01599 0.030864
