1 0.163788 0.408951 0.05985 0.134016
1 0.316155 0.3923 0.042946 0.115335
0 0.376462 0.464181 0.024671 0.060916
1 0.403417 0.424789 0.013706 0.038986
0 0.425347 0.401235 0.018275 0.038986
0 0.479943 0.386615 0.03792 0.087719
0 0.553271 0.39758 0.010965 0.039799
0 0.56949 0.43819 0.036093 0.09178
1 0.659037 0.43088 0.032438 0.062541
1 0.83676 0.445094 0.019645 0.047109
0 0.859603 0.430474 0.013249 0.035737
1 0.895239 0.436972 0.013249 0.048733
0 0.912372 0.42885 0.01462 0.034113
0 0.961714 0.417885 0.018275 0.033301
