1 0.149168 0.38499 0.064419 0.134828
1 0.308388 0.376462 0.044773 0.116147
0 0.382858 0.464587 0.021016 0.061728
1 0.405702 0.432099 0.015534 0.038986
0 0.419865 0.412199 0.019189 0.033301
0 0.481999 0.374025 0.038377 0.090156
0 0.562637 0.433317 0.036093 0.090156
1 0.664291 0.432505 0.031981 0.057667
1 0.836075 0.459308 0.021016 0.046296
0 0.836303 0.415854 0.016904 0.027615
0 0.859375 0.434942 0.01462 0.034925
1 0.896838 0.433317 0.01462 0.047921
0 0.91557 0.425601 0.016447 0.032489
0 0.963542 0.424383 0.018275 0.03655
