1 0.135228 0.372044 0.073419 0.161758
1 0.24316 0.394355 0.049573 0.121598
0 0.43863 0.382642 0.045181 0.100402
1 0.474711 0.422802 0.016943 0.033467
0 0.503263 0.441767 0.033886 0.102633
0 0.569152 0.407184 0.018825 0.044623
0 0.621862 0.422802 0.01757 0.040161
1 0.665788 0.417224 0.033886 0.073628
1 0.838353 0.448461 0.02259 0.051316
0 0.85059 0.425033 0.020708 0.046854
0 0.87318 0.432285 0.016943 0.032352
1 0.908635 0.437863 0.01506 0.052432
0 0.941579 0.434516 0.013178 0.032352
0 0.983622 0.41834 0.020708 0.040161
