1 0.203024 0.406778 0.048038 0.101582
1 0.412874 0.393743 0.034891 0.106077
1 0.434871 0.425207 0.016181 0.035958
1 0.511226 0.412621 0.01517 0.028767
0 0.573928 0.397339 0.016181 0.037756
0 0.606796 0.395991 0.037419 0.083603
1 0.663683 0.42251 0.032868 0.071917
0 0.696804 0.435994 0.034385 0.080906
0 0.867971 0.418914 0.01871 0.030565
1 0.872269 0.461615 0.019215 0.045847
0 0.889209 0.430151 0.012642 0.031464
1 0.92587 0.433297 0.019215 0.044948
0 0.953176 0.42251 0.013147 0.030565
0 0.989331 0.423858 0.015676 0.031464
