0 0.072122 0.380312 0.068531 0.119396
0 0.284224 0.439401 0.062363 0.154727
1 0.137569 0.401023 0.019874 0.041423
0 0.225288 0.399805 0.023986 0.048733
1 0.417174 0.424172 0.025356 0.03655
0 0.402782 0.468031 0.021245 0.068226
0 0.49153 0.42539 0.013706 0.034113
0 0.528879 0.409552 0.023986 0.046296
0 0.585417 0.416252 0.017818 0.037768
1 0.612829 0.4327 0.039748 0.085283
1 0.821162 0.464376 0.027412 0.060916
1 0.869134 0.42539 0.013706 0.026803
0 0.905798 0.422344 0.025356 0.062135
1 0.983923 0.448538 0.022615 0.060916
