1 0.119408 0.392495 0.016447 0.046296
0 0.185883 0.387622 0.0233 0.04386
0 0.286797 0.393603 0.070346 0.176768
0 0.406182 0.45974 0.022321 0.061328
0 0.50257 0.406229 0.024351 0.0481
1 0.542817 0.422463 0.042614 0.085378
0 0.587121 0.404425 0.018939 0.046898
0 0.643263 0.421861 0.017587 0.040885
1 0.783956 0.465753 0.029762 0.070948
1 0.853981 0.399802 0.012277 0.025794
1 0.881138 0.422619 0.012277 0.02381
0 0.917225 0.408069 0.021205 0.048942
1 0.990596 0.436728 0.017766 0.056173
0 0.231237 0.405883 0.013178 0.02194
