1 0.117708 0.394136 0.020833 0.048148
0 0.181597 0.386111 0.025 0.049383
0 0.291319 0.40216 0.073611 0.167901
0 0.40625 0.459568 0.024306 0.062963
0 0.497917 0.404012 0.025694 0.050617
1 0.533681 0.407716 0.043056 0.095062
0 0.586458 0.405247 0.018056 0.048148
0 0.643403 0.425 0.019444 0.045679
1 0.777083 0.458951 0.029861 0.064198
1 0.852231 0.401098 0.011984 0.028679
1 0.882882 0.420764 0.013367 0.025402
0 0.916989 0.411341 0.021663 0.050803
1 0.992766 0.436085 0.013426 0.057459
0 0.229339 0.405748 0.013512 0.022711
