1 0.124788 0.752949 0.05787 0.113169
0 0.206771 0.869547 0.067515 0.130316
1 0.099981 0.941101 0.071914 0.112243
1 0.100231 0.936814 0.058912 0.120816
0 0.392921 0.914129 0.084877 0.154321
1 0.835629 0.88155 0.065586 0.147462
1 0.744001 0.66893 0.055941 0.140604
1 0.633565 0.602915 0.04919 0.104595
0 0.522164 0.731516 0.067515 0.149177
1 0.400154 0.734945 0.062693 0.114883
1 0.306115 0.557476 0.048225 0.082305
0 0.254514 0.669787 0.045332 0.104595
1 0.211111 0.607202 0.045332 0.116598
0 0.801871 0.446879 0.040509 0.094307
1 0.908449 0.30799 0.037616 0.07716
1 0.615721 0.361145 0.032793 0.066872
1 0.558333 0.478601 0.039545 0.082305
0 0.350965 0.428875 0.039545 0.068587
1 0.283931 0.384294 0.03858 0.058299
1 0.230883 0.439163 0.040509 0.068587
1 0.207253 0.373148 0.035687 0.053155
1 0.132504 0.44345 0.040509 0.063443
1 0.474421 0.373148 0.035687 0.07716
1 0.563638 0.313992 0.028935 0.061728
1 0.680343 0.331139 0.034722 0.065158
1 0.723264 0.2857 0.027971 0.060014
0 0.753164 0.365432 0.041474 0.075446
0 0.390992 0.332853 0.030864 0.065158
1 0.50625 0.286557 0.033758 0.072016
1 0.471046 0.290844 0.027006 0.053155
1 0.423302 0.255693 0.024113 0.05487
1 0.335532 0.283985 0.027971 0.053155
1 0.186516 0.2857 0.030864 0.060014
1 0.585822 0.223971 0.021219 0.046296
1 0.496605 0.677503 0.053048 0.120027
1 0.451755 0.796674 0.061728 0.125171
1 0.184105 0.576337 0.058835 0.116598
1 0.800424 0.847257 0.076196 0.154321
1 0.22365 0.226543 0.022184 0.061728
1 0.474904 0.198251 0.032793 0.056584
1 0.302739 0.233402 0.022184 0.05144
0 0.359645 0.235117 0.027971 0.048011
0 0.322994 0.226543 0.022184 0.058299
0 0.250174 0.199966 0.025077 0.053155
1 0.558816 0.240261 0.025077 0.05487
1 0.727604 0.241975 0.030864 0.065158
