1 0.118036 0.326852 0.075231 0.094307
1 0.21738 0.319136 0.050154 0.068587
1 0.282485 0.361145 0.031829 0.063443
1 0.322994 0.317421 0.026042 0.044582
1 0.361574 0.312277 0.027971 0.044582
1 0.452238 0.37915 0.035687 0.058299
1 0.430536 0.283128 0.027006 0.048011
1 0.532774 0.436591 0.03858 0.070302
1 0.631154 0.408299 0.036651 0.037723
1 0.52554 0.345713 0.033758 0.042867
1 0.660089 0.2857 0.030864 0.046296
1 0.635494 0.255693 0.026042 0.044582
1 0.560745 0.210254 0.023148 0.036008
1 0.514448 0.262551 0.032793 0.041152
1 0.426678 0.191392 0.01929 0.02915
1 0.229437 0.17939 0.024113 0.036008
1 0.759433 0.372291 0.048225 0.065158
1 0.893499 0.349143 0.044367 0.060014
1 0.812481 0.314849 0.030864 0.049726
1 0.741107 0.217112 0.023148 0.046296
1 0.717477 0.229115 0.0299 0.042867
1 0.597878 0.15024 0.020255 0.039438
1 0.580035 0.115089 0.017361 0.020576
1 0.5212 0.101372 0.023148 0.030864
1 0.50191 0.101372 0.015432 0.027435
1 0.409799 0.115089 0.014468 0.027435
1 0.365914 0.131379 0.021219 0.036008
1 0.348071 0.115947 0.018326 0.018861
1 0.322029 0.115089 0.014468 0.020576
