1 0.119444 0.25303 0.054545 0.045455
1 0.155303 0.403788 0.063636 0.068182
1 0.243182 0.292424 0.043434 0.057576
1 0.241162 0.199242 0.041414 0.037879
1 0.356818 0.300758 0.042424 0.040909
1 0.367424 0.435606 0.053535 0.068182
1 0.429545 0.386364 0.044444 0.060606
1 0.403283 0.313636 0.032323 0.051515
1 0.469444 0.438636 0.047475 0.068182
1 0.606313 0.407576 0.072727 0.090909
1 0.77601 0.380303 0.042424 0.051515
1 0.881566 0.465909 0.073737 0.098485
1 0.972525 0.505455 0.051616 0.129091
1 0.615404 0.256061 0.040404 0.048485
1 0.508838 0.268182 0.023232 0.024242
1 0.546717 0.246212 0.024242 0.022727
1 0.569444 0.225758 0.013131 0.024242
1 0.685606 0.230303 0.021212 0.030303
1 0.655303 0.212121 0.015152 0.030303
1 0.907323 0.348485 0.058586 0.039394
1 0.925505 0.218182 0.022222 0.027273
1 0.957828 0.210606 0.022222 0.030303
