1 0.213314 0.616021 0.0634 0.074256
1 0.31325 0.525853 0.067698 0.075771
1 0.464227 0.571316 0.070922 0.081833
1 0.639383 0.580409 0.068773 0.075771
1 0.797883 0.640268 0.067698 0.083348
1 0.935966 0.581166 0.081668 0.104564
1 0.846776 0.548585 0.060176 0.06971
1 0.757049 0.487968 0.065549 0.06971
1 0.789286 0.290204 0.052654 0.062133
1 0.717827 0.404619 0.053729 0.063648
1 0.730722 0.243226 0.04943 0.065163
1 0.76081 0.148512 0.04943 0.048494
1 0.630787 0.177305 0.045132 0.063648
1 0.57867 0.24853 0.0634 0.06971
1 0.565775 0.431139 0.044058 0.068194
1 0.508822 0.350821 0.029014 0.059102
1 0.458317 0.39098 0.065549 0.07274
1 0.448646 0.246257 0.039759 0.065163
0 0.50936 0.209129 0.053729 0.051525
0 0.389544 0.253076 0.0634 0.063648
0 0.261133 0.165939 0.058027 0.074256
0 0.189136 0.055313 0.053729 0.062133
0 0.177316 0.327332 0.058027 0.066679
0 0.254685 0.405377 0.042983 0.068194
0 0.315399 0.409165 0.0634 0.07274
0 0.048904 0.262169 0.056953 0.063648
1 0.696336 0.573589 0.042983 0.071225
