1 0.09349 0.496946 0.053061 0.070426
1 0.259816 0.55053 0.042857 0.064302
1 0.353184 0.524504 0.041837 0.058178
1 0.498082 0.535221 0.05 0.058178
1 0.598082 0.498477 0.039796 0.039806
1 0.531245 0.460967 0.040816 0.050523
1 0.713388 0.437237 0.043878 0.073488
1 0.750633 0.379825 0.034694 0.050523
1 0.830735 0.318585 0.045918 0.053585
1 0.820531 0.522207 0.043878 0.053585
1 0.876143 0.516849 0.038776 0.058178
1 0.924102 0.405086 0.04898 0.052054
1 0.985327 0.36528 0.026531 0.052054
1 0.958796 0.28873 0.034694 0.033682
1 0.977107 0.704862 0.044786 0.060643
1 0.863898 0.835296 0.061224 0.085736
1 0.744 0.665355 0.054082 0.073488
1 0.658286 0.686789 0.045918 0.073488
1 0.561347 0.611005 0.054082 0.053585
1 0.526653 0.95012 0.070408 0.067364
1 0.39349 0.490056 0.032653 0.044399
1 0.492469 0.405086 0.034694 0.033682
1 0.548592 0.304806 0.036735 0.047461
1 0.621551 0.242035 0.037755 0.041337
1 0.717469 0.232084 0.029592 0.033682
1 0.777673 0.229022 0.029592 0.033682
1 0.812367 0.229022 0.027551 0.033682
1 0.836857 0.152472 0.029592 0.021434
1 0.74502 0.160127 0.027551 0.027558
1 0.767469 0.14941 0.017347 0.021434
1 0.698592 0.129507 0.026531 0.021434
1 0.640429 0.144817 0.030612 0.027558
1 0.581755 0.145582 0.02551 0.029089
1 0.513388 0.243566 0.023469 0.035213
1 0.485327 0.282606 0.026531 0.033682
1 0.390939 0.331598 0.035714 0.042868
1 0.348592 0.31093 0.042857 0.044399
1 0.29451 0.389776 0.040816 0.048992
1 0.215429 0.323178 0.029592 0.050523
1 0.132265 0.330067 0.044898 0.048992
1 0.066449 0.320881 0.035714 0.039806
1 0.096551 0.178499 0.026531 0.042868
1 0.251143 0.232084 0.02551 0.033682
1 0.319 0.185388 0.034694 0.038275
1 0.397061 0.212946 0.029592 0.035213
1 0.442469 0.227491 0.020408 0.033682
1 0.129204 0.183092 0.026531 0.033682
1 0.180735 0.12721 0.027551 0.032151
1 0.126143 0.105011 0.018367 0.027558
1 0.039408 0.151706 0.026531 0.044399
1 0.239918 0.075157 0.02551 0.041337
1 0.354204 0.049895 0.023469 0.033682
1 0.439408 0.121852 0.022449 0.033682
1 0.410837 0.144817 0.026531 0.024496
1 0.500633 0.1341 0.026531 0.036744
1 0.561347 0.108838 0.021429 0.029089
1 0.677673 0.054488 0.031633 0.033682
1 0.781755 0.291792 0.041837 0.039806
1 0.861857 0.22596 0.026531 0.03062
1 0.977673 0.591867 0.031633 0.036744
1 0.666959 0.372935 0.038776 0.064302
