1 0.167308 0.457473 0.059615 0.078174
1 0.321154 0.468418 0.063462 0.078174
1 0.515865 0.452001 0.050962 0.06723
1 0.558173 0.412914 0.045192 0.060976
1 0.605769 0.369919 0.034615 0.046904
1 0.782692 0.471545 0.055769 0.068793
1 0.9125 0.445747 0.05 0.073483
1 0.869712 0.427767 0.0375 0.07192
1 0.949038 0.331614 0.044231 0.054722
1 0.357212 0.321451 0.047115 0.062539
1 0.092308 0.440275 0.044231 0.062539
1 0.123558 0.391807 0.022115 0.050031
1 0.080288 0.33005 0.041346 0.054722
1 0.025481 0.380081 0.0375 0.051595
1 0.482692 0.344121 0.040385 0.054722
1 0.290865 0.344121 0.047115 0.042214
1 0.159615 0.292527 0.046154 0.057849
