1 0.343582 0.490352 0.08356 0.092177
1 0.503654 0.395908 0.069465 0.090666
1 0.619934 0.491107 0.064432 0.090666
1 0.815745 0.485818 0.069465 0.086133
1 0.890245 0.393641 0.059398 0.08311
1 0.776986 0.415552 0.04027 0.069511
1 0.776482 0.273509 0.027182 0.045333
1 0.597282 0.284087 0.053357 0.0544
1 0.638558 0.203998 0.03725 0.042311
1 0.544428 0.226665 0.036243 0.036266
1 0.450297 0.213065 0.03725 0.045333
1 0.419088 0.280309 0.049331 0.055911
1 0.369757 0.225154 0.04329 0.0544
1 0.305326 0.274264 0.041277 0.055911
1 0.214719 0.253109 0.039263 0.049866
1 0.147267 0.278042 0.059398 0.081599
1 0.080822 0.500174 0.069465 0.078577
1 0.06572 0.339242 0.063425 0.074044
1 0.072768 0.179065 0.023155 0.0408
1 0.142233 0.139021 0.019128 0.036266
