1 0.227422 0.174487 0.03876 0.051603
1 0.288953 0.675038 0.09593 0.144489
1 0.552519 0.319836 0.057171 0.080845
1 0.664438 0.298335 0.063953 0.072244
1 0.807849 0.3766 0.060078 0.098046
1 0.74438 0.502167 0.072674 0.115247
1 0.888275 0.751582 0.071705 0.104926
1 0.697868 0.930473 0.136628 0.122127
1 0.938178 0.346498 0.053295 0.075685
1 0.863566 0.274253 0.06686 0.092886
1 0.756492 0.320696 0.031008 0.058484
1 0.736628 0.176208 0.045543 0.055043
1 0.903295 0.089342 0.037791 0.073964
0 0.656202 0.104823 0.037791 0.063644
1 0.485174 0.134925 0.040698 0.065364
1 0.473062 0.324137 0.053295 0.065364
1 0.42219 0.312956 0.036822 0.070524
1 0.371318 0.312956 0.055233 0.080845
1 0.307849 0.247592 0.027132 0.060204
1 0.330136 0.324997 0.025194 0.056763
1 0.345155 0.146966 0.037791 0.055043
1 0.29719 0.04892 0.034884 0.055043
1 0.170252 0.189108 0.03876 0.060204
1 0.17655 0.037739 0.030039 0.049883
1 0.141182 0.096223 0.040698 0.039562
1 0.072384 0.126324 0.042636 0.072244
1 0.083043 0.430783 0.075581 0.096326
1 0.032171 0.282854 0.033915 0.075685
