1 0.080515 0.45973 0.069485 0.072838
0 0.272081 0.430285 0.064659 0.05734
1 0.400917 0.496924 0.069485 0.097634
1 0.633015 0.393866 0.07045 0.102283
1 0.712633 0.483751 0.061764 0.105382
1 0.787908 0.500023 0.069485 0.079037
1 0.947626 0.599981 0.041498 0.099183
1 0.863183 0.353573 0.055974 0.052691
1 0.844847 0.212547 0.073345 0.077487
0 0.946661 0.216421 0.043428 0.088335
0 0.643631 0.237343 0.056939 0.083686
1 0.467506 0.236568 0.067555 0.079037
0 0.343013 0.289259 0.057904 0.088335
0 0.252779 0.267562 0.07045 0.094534
0 0.363762 0.058348 0.049218 0.075937
1 0.231065 0.112589 0.054044 0.075937
