1 0.116473 0.302635 0.057171 0.073964
1 0.140213 0.584732 0.120155 0.125568
1 0.327713 0.333597 0.080426 0.104926
1 0.557849 0.226091 0.073643 0.110087
1 0.462403 0.097943 0.072674 0.091166
1 0.315601 0.140945 0.05814 0.087725
1 0.678488 0.400681 0.088178 0.129008
1 0.792345 0.315536 0.065891 0.096326
1 0.918314 0.358539 0.060078 0.086005
1 0.791376 0.588173 0.108527 0.149649
1 0.735659 0.21233 0.06686 0.089445
1 0.614535 0.144386 0.043605 0.060204
1 0.56657 0.092782 0.040698 0.063644
1 0.652326 0.115144 0.028101 0.060204
1 0.785078 0.069561 0.041667 0.065364
1 0.823353 0.075581 0.044574 0.067084
1 0.839341 0.245872 0.039729 0.070524
