1 0.237917 0.315029 0.056548 0.082277
1 0.105476 0.362262 0.069444 0.082277
1 0.087619 0.507009 0.087302 0.063993
1 0.198234 0.874208 0.133929 0.201121
1 0.420456 0.379784 0.080357 0.089895
1 0.491885 0.321886 0.060516 0.065517
1 0.486429 0.586238 0.081349 0.073135
1 0.531567 0.930583 0.127976 0.115797
1 0.587123 0.711939 0.108135 0.126463
1 0.712619 0.587762 0.079365 0.106655
1 0.919464 0.656326 0.104167 0.170648
1 0.780575 0.952676 0.159722 0.089895
1 0.794464 0.44073 0.056548 0.047233
1 0.870357 0.378261 0.061508 0.074659
1 0.915 0.310458 0.05754 0.073135
1 0.699722 0.25256 0.039683 0.057899
1 0.639702 0.313506 0.044643 0.060946
1 0.573234 0.267034 0.042659 0.044186
1 0.656071 0.196185 0.039683 0.042662
1 0.75379 0.248751 0.03869 0.047233
1 0.820258 0.226658 0.040675 0.045709
1 0.945258 0.193899 0.050595 0.05028
1 0.889702 0.193899 0.036706 0.025902
1 0.76123 0.180948 0.039683 0.030473
1 0.708651 0.161141 0.039683 0.042662
1 0.513214 0.155808 0.039683 0.038091
1 0.466587 0.13981 0.035714 0.042662
1 0.310337 0.275414 0.032738 0.057899
1 0.280575 0.32798 0.014881 0.05028
1 0.172937 0.359977 0.029762 0.047233
1 0.047937 0.199232 0.047619 0.057899
