1 0.078377 0.474027 0.090726 0.087839
1 0.134829 0.726942 0.167339 0.160533
1 0.319808 0.68378 0.087702 0.128729
1 0.466482 0.562623 0.080645 0.113585
1 0.319304 0.399818 0.100806 0.109041
1 0.226562 0.405119 0.060484 0.092382
1 0.547127 0.364986 0.066532 0.081781
1 0.617692 0.454339 0.080645 0.096926
1 0.708417 0.564895 0.078629 0.096926
1 0.595514 0.702711 0.080645 0.102983
1 0.686744 0.878389 0.115927 0.133273
1 0.812248 0.569438 0.129032 0.148417
1 0.952369 0.435408 0.084677 0.140845
1 0.772429 0.355142 0.047379 0.056035
1 0.861139 0.186279 0.063508 0.060579
