1 0.281426 0.740037 0.149065 0.20049
1 0.530548 0.820386 0.116393 0.171411
1 0.695949 0.769115 0.134771 0.123967
1 0.822552 0.844108 0.151107 0.139272
1 0.083864 0.830334 0.13375 0.111723
1 0.467247 0.49899 0.081679 0.125497
1 0.690333 0.487511 0.109246 0.09948
1 0.622437 0.401041 0.106183 0.104071
1 0.323287 0.497459 0.091889 0.10101
1 0.1926 0.464555 0.077595 0.09948
1 0.087438 0.554086 0.077595 0.076523
1 0.092032 0.388797 0.045945 0.082645
1 0.29521 0.341353 0.090868 0.085706
1 0.436106 0.328344 0.084742 0.114784
1 0.744446 0.278604 0.086784 0.094888
1 0.884322 0.169942 0.068406 0.125497
1 0.967022 0.220447 0.064322 0.128558
1 0.819489 0.11255 0.079637 0.093358
1 0.70718 0.166881 0.063301 0.076523
1 0.592318 0.194429 0.084742 0.085706
