1 0.106222 0.411541 0.158827 0.147304
1 0.397572 0.457099 0.088012 0.107821
1 0.648457 0.414579 0.100152 0.110858
1 0.907436 0.458618 0.146687 0.144267
1 0.878604 0.188307 0.064745 0.0653
1 0.97041 0.201215 0.056146 0.066819
1 0.93475 0.149582 0.029337 0.045558
1 0.844714 0.137434 0.029337 0.042521
1 0.745574 0.201215 0.051593 0.072893
1 0.594335 0.189825 0.052605 0.062263
1 0.451694 0.167806 0.042489 0.069856
0 0.311583 0.161731 0.057663 0.063781
0 0.163379 0.186788 0.080931 0.074412
1 0.167425 0.188307 0.072838 0.077449
1 0.031866 0.084282 0.060698 0.05467
1 0.109256 0.025816 0.033384 0.047077
1 0.299444 0.025816 0.039454 0.031891
1 0.39656 0.066059 0.041477 0.063781
1 0.425898 0.035687 0.025291 0.039484
1 0.522003 0.056948 0.025291 0.042521
1 0.50177 0.115414 0.035407 0.044039
1 0.615073 0.084282 0.041477 0.048595
1 0.590288 0.041762 0.028326 0.039484
1 0.658068 0.070615 0.022256 0.039484
1 0.696004 0.125285 0.035407 0.045558
1 0.778452 0.135915 0.026302 0.036446
1 0.806778 0.082005 0.018209 0.028853
