0 0.040302 0.800316 0.054262 0.078927
1 0.116269 0.885556 0.075967 0.07577
1 0.136987 0.5809 0.066101 0.07577
1 0.273135 0.782952 0.070047 0.082084
1 0.263763 0.564325 0.061168 0.071034
1 0.248471 0.25809 0.058208 0.067877
1 0.201608 0.208366 0.047356 0.05367
1 0.226273 0.067877 0.041436 0.050513
1 0.290401 0.175217 0.041436 0.056827
0 0.121202 0.24704 0.038477 0.048934
1 0.354528 0.307024 0.03749 0.048934
1 0.370807 0.168903 0.042423 0.047356
1 0.421123 0.097869 0.044396 0.044199
1 0.48821 0.142857 0.044396 0.055249
0 0.459106 0.233623 0.029597 0.072612
1 0.508435 0.250987 0.047356 0.044199
0 0.534086 0.35438 0.029597 0.089976
1 0.483771 0.408051 0.051302 0.06472
1 0.583909 0.605367 0.062155 0.080505
1 0.649023 0.267561 0.042423 0.071034
1 0.604134 0.265193 0.047356 0.050513
1 0.68898 0.181531 0.047356 0.059984
1 0.79997 0.172849 0.044396 0.048934
1 0.814276 0.445146 0.045383 0.07577
1 0.776292 0.423047 0.036504 0.063141
1 0.949438 0.621942 0.049329 0.072612
1 0.906521 0.561957 0.032557 0.069455
1 0.983919 0.72498 0.031472 0.089266
0 0.859165 0.854775 0.089779 0.108919
0 0.756561 0.865825 0.072021 0.105762
1 0.653956 0.872139 0.133189 0.137332
1 0.632251 0.035517 0.036504 0.036306
1 0.891723 0.080505 0.050316 0.047356
1 0.730416 0.111287 0.025651 0.045777
1 0.469465 0.040253 0.036504 0.036306
1 0.041782 0.40884 0.029597 0.056827
1 0.010704 0.413575 0.018745 0.056827
