1 0.121849 0.472375 0.08105 0.089603
1 0.218311 0.777633 0.091324 0.095678
1 0.463744 0.485284 0.063927 0.085047
1 0.345023 0.423777 0.052511 0.056192
1 0.329041 0.298484 0.03653 0.042523
1 0.323333 0.229384 0.025114 0.037967
1 0.274817 0.220272 0.023973 0.028855
1 0.194338 0.365307 0.045662 0.060748
0 0.58589 0.385809 0.057078 0.062267
1 0.716027 0.457947 0.059361 0.063785
1 0.807352 0.598427 0.091324 0.09264
1 0.956895 0.586277 0.068493 0.074416
1 0.911804 0.471616 0.074201 0.05771
0 0.830753 0.44276 0.042237 0.048598
1 0.954041 0.375938 0.049087 0.054673
1 0.876986 0.307597 0.025114 0.039486
1 0.809635 0.329618 0.047945 0.050117
0 0.722306 0.337211 0.042237 0.050117
1 0.672648 0.288613 0.02968 0.044042
1 0.624132 0.322783 0.033105 0.045561
1 0.514543 0.236977 0.033105 0.031893
0 0.391256 0.331136 0.028539 0.044042
