1 0.288953 0.670738 0.101744 0.15653
1 0.553004 0.320696 0.067829 0.072244
1 0.477907 0.319836 0.051357 0.063644
1 0.656202 0.300915 0.053295 0.049883
1 0.74874 0.501307 0.083333 0.127288
1 0.812694 0.37832 0.054264 0.084285
1 0.939632 0.343918 0.046512 0.067084
1 0.863566 0.279414 0.049419 0.086005
1 0.885853 0.753303 0.088178 0.101486
1 0.70126 0.919293 0.141473 0.127288
1 0.738566 0.171907 0.041667 0.067084
1 0.906202 0.091922 0.037791 0.055043
1 0.486143 0.133205 0.050388 0.065364
1 0.421705 0.308656 0.051357 0.079125
1 0.365504 0.307796 0.057171 0.091166
1 0.313178 0.245872 0.024225 0.060204
1 0.344186 0.159006 0.051357 0.061924
1 0.298643 0.0515 0.045543 0.070524
1 0.228876 0.174487 0.049419 0.068804
1 0.168798 0.190828 0.045543 0.043003
1 0.07626 0.119444 0.034884 0.068804
1 0.083527 0.445404 0.06686 0.098046
1 0.025388 0.282854 0.037791 0.068804
0 0.653779 0.108263 0.040698 0.067084
