1 0.096586 0.460283 0.055693 0.055929
1 0.265728 0.593304 0.063944 0.068022
1 0.434354 0.487491 0.046411 0.049883
1 0.608137 0.435341 0.043317 0.060464
1 0.633406 0.857078 0.067038 0.072557
1 0.708179 0.863124 0.051568 0.057441
1 0.75098 0.554002 0.052599 0.049883
1 0.778311 0.659814 0.072195 0.080115
1 0.854115 0.484468 0.052599 0.04686
1 0.971174 0.479933 0.043317 0.055929
1 0.977847 0.903235 0.042224 0.046965
1 0.878868 0.330285 0.048474 0.02872
1 0.952094 0.205578 0.029909 0.045348
1 0.879383 0.202555 0.033003 0.036278
1 0.828331 0.207845 0.034035 0.043836
1 0.761809 0.272844 0.035066 0.03779
1 0.703538 0.313657 0.054662 0.04686
1 0.642688 0.274356 0.031972 0.04686
1 0.635468 0.164765 0.03816 0.042325
1 0.576165 0.233542 0.047442 0.043836
1 0.558632 0.36354 0.051568 0.055929
1 0.493657 0.239589 0.04538 0.058952
1 0.392069 0.217671 0.042285 0.057441
1 0.384334 0.341622 0.037129 0.039302
1 0.306982 0.390749 0.05363 0.052906
1 0.309045 0.222961 0.041254 0.052906
1 0.330188 0.148893 0.027847 0.043836
1 0.140934 0.089184 0.033003 0.039302
1 0.037799 0.281158 0.039191 0.048371
1 0.858756 0.091452 0.028878 0.02872
1 0.679816 0.173834 0.029909 0.036278
1 0.711788 0.170811 0.025784 0.027209
