1 0.50279 0.300985 0.049716 0.063945
1 0.599685 0.34666 0.050731 0.063945
1 0.803622 0.324584 0.040584 0.050243
1 0.902547 0.367976 0.051745 0.05481
1 0.973569 0.312404 0.043628 0.041108
1 0.875152 0.296418 0.03957 0.051765
1 0.788403 0.239323 0.028409 0.028928
1 0.703176 0.259877 0.030438 0.039585
1 0.747311 0.259877 0.029424 0.027405
1 0.651938 0.204306 0.025365 0.044153
1 0.558086 0.235517 0.028409 0.04263
1 0.372413 0.278909 0.042614 0.053288
1 0.335887 0.318494 0.036526 0.041108
1 0.324726 0.227143 0.034497 0.041108
1 0.167461 0.257594 0.038555 0.047198
1 0.209568 0.221053 0.037541 0.038063
1 0.286678 0.250742 0.031453 0.03045
1 0.277547 0.171572 0.025365 0.027405
1 0.255225 0.209634 0.017248 0.03045
1 0.058898 0.209634 0.036526 0.045675
1 0.091873 0.212679 0.031453 0.04263
1 0.117238 0.195171 0.025365 0.038063
1 0.91878 0.23704 0.029424 0.03654
1 0.847758 0.234756 0.025365 0.031973
1 0.120282 0.571992 0.078125 0.097441
1 0.887328 0.190603 0.033482 0.035018
