1 0.25531 0.638671 0.065744 0.112346
1 0.347858 0.775308 0.103168 0.112346
1 0.44698 0.653853 0.099122 0.118419
1 0.59718 0.653094 0.108225 0.150301
1 0.797953 0.680421 0.111259 0.180664
1 0.945119 0.571871 0.090019 0.136637
1 0.889995 0.352493 0.099122 0.122973
1 0.68113 0.333516 0.065744 0.081982
1 0.621961 0.381338 0.064733 0.068318
1 0.524861 0.464839 0.080916 0.095646
1 0.418659 0.291006 0.074847 0.081982
1 0.289699 0.368434 0.094065 0.1002
1 0.167314 0.36312 0.08395 0.095646
1 0.062629 0.439789 0.089008 0.097164
1 0.192095 0.63943 0.06271 0.122973
1 0.17136 0.526325 0.039447 0.069837
1 0.067686 0.122487 0.050572 0.085019
1 0.225978 0.297079 0.051584 0.106273
1 0.24823 0.080737 0.071813 0.065282
1 0.491989 0.121728 0.039447 0.062246
1 0.582008 0.158165 0.057653 0.077428
1 0.981248 0.113864 0.034834 0.076881
