1 0.044672 0.412917 0.080116 0.102895
1 0.197181 0.440355 0.074324 0.120044
1 0.091486 0.74561 0.092664 0.123474
1 0.26861 0.746467 0.109073 0.132048
1 0.532124 0.837358 0.114865 0.169776
1 0.820251 0.766189 0.1139 0.150912
1 0.888301 0.390623 0.09749 0.123474
1 0.680772 0.485801 0.087838 0.114899
1 0.80529 0.223419 0.080116 0.111469
1 0.970347 0.29716 0.051158 0.114899
1 0.610309 0.134243 0.064672 0.073741
1 0.618514 0.2903 0.073359 0.121759
1 0.502683 0.393195 0.090734 0.10804
1 0.337625 0.430066 0.098456 0.109754
1 0.397954 0.107662 0.049228 0.065167
1 0.298533 0.176259 0.066602 0.096035
1 0.224691 0.14539 0.057915 0.065167
1 0.171602 0.280011 0.052124 0.080601
1 0.073629 0.275724 0.064672 0.085746
