1 0.272475 0.424788 0.091919 0.131752
1 0.397727 0.43766 0.035354 0.063605
1 0.333586 0.43766 0.044444 0.07572
1 0.500253 0.435388 0.052525 0.08632
1 0.586111 0.45129 0.048485 0.063605
1 0.705808 0.421759 0.079798 0.116608
1 0.805808 0.436903 0.057576 0.083292
1 0.77197 0.340739 0.038384 0.063605
1 0.885606 0.397529 0.027273 0.03786
1 0.071465 0.408886 0.067677 0.09995
1 0.132071 0.433874 0.017172 0.03786
1 0.195202 0.457347 0.018182 0.030288
1 0.158838 0.450532 0.018182 0.028773
1 0.033081 0.430845 0.029293 0.043917
0 0.447727 0.427059 0.016162 0.030288
