1 0.094104 0.696548 0.094003 0.093882
1 0.351854 0.635978 0.073787 0.099939
1 0.519139 0.639007 0.056604 0.072683
1 0.463041 0.647335 0.047507 0.04997
1 0.606572 0.554967 0.049528 0.040884
1 0.516107 0.479255 0.032345 0.034827
1 0.404921 0.452756 0.03841 0.048455
1 0.233592 0.489855 0.041442 0.052998
1 0.197204 0.445942 0.023248 0.046941
1 0.215904 0.384615 0.042453 0.03937
1 0.252292 0.283162 0.018194 0.021199
1 0.287669 0.290733 0.020216 0.024228
1 0.329112 0.290733 0.022237 0.030285
1 0.352865 0.317232 0.029313 0.040884
1 0.39734 0.327075 0.031334 0.03937
1 0.416039 0.289976 0.022237 0.037856
1 0.446363 0.29679 0.022237 0.021199
1 0.194172 0.32556 0.019205 0.018171
1 0.088545 0.297547 0.016173 0.019685
1 0.579786 0.397486 0.030324 0.052998
1 0.629315 0.336917 0.028302 0.031799
1 0.720791 0.38083 0.029313 0.034827
1 0.74505 0.446699 0.033356 0.042399
1 0.933561 0.432314 0.052561 0.056027
1 0.908291 0.598122 0.044475 0.051484
1 0.44889 0.380073 0.027291 0.03937
