1 0.076926 0.374297 0.058303 0.040832
1 0.177241 0.534602 0.063447 0.043857
1 0.248405 0.492257 0.065162 0.034783
1 0.195247 0.423447 0.058303 0.030246
1 0.304136 0.384127 0.063447 0.042345
1 0.384731 0.344807 0.066877 0.036295
1 0.468756 0.393957 0.066877 0.040832
1 0.35558 0.726665 0.070307 0.031759
1 0.199534 0.76296 0.053159 0.031759
1 0.059778 0.74935 0.054873 0.037808
1 0.536491 0.750862 0.065162 0.034783
1 0.720831 0.740276 0.056588 0.043857
1 0.841724 0.793207 0.061733 0.037808
1 0.900027 0.522503 0.058303 0.040832
1 0.746553 0.506624 0.056588 0.045369
1 0.5665 0.476378 0.056588 0.045369
1 0.662528 0.416641 0.049729 0.040832
1 0.531346 0.350856 0.037725 0.033271
1 0.722546 0.332708 0.053159 0.045369
1 0.742266 0.414373 0.034296 0.03932
1 0.850298 0.450668 0.051444 0.036295
1 0.930036 0.378834 0.036011 0.040832
1 0.855443 0.356905 0.048014 0.027222
