1 0.354862 0.309324 0.044635 0.057611
1 0.402612 0.289082 0.046712 0.054497
1 0.562469 0.289082 0.042559 0.057611
1 0.714022 0.360706 0.050864 0.057611
1 0.768519 0.261055 0.039445 0.054497
1 0.938756 0.259498 0.053978 0.057611
1 0.885297 0.247042 0.046712 0.048269
0 0.815749 0.263391 0.034255 0.040483
1 0.613852 0.310881 0.039445 0.060725
1 0.446728 0.482156 0.06851 0.060725
1 0.47735 0.280518 0.036331 0.037369
1 0.294656 0.240813 0.034255 0.04204
1 0.083416 0.275847 0.045673 0.059168
1 0.168535 0.323337 0.041521 0.051383
