1 0.206519 0.568161 0.055051 0.083832
1 0.3596 0.559607 0.05988 0.073567
1 0.343181 0.855586 0.08306 0.121471
1 0.162092 0.462087 0.049256 0.070145
1 0.1534 0.316664 0.049256 0.076989
1 0.094002 0.184072 0.036701 0.054748
1 0.375053 0.331206 0.040564 0.068435
1 0.428173 0.360291 0.056017 0.088965
1 0.509784 0.411617 0.058914 0.085543
1 0.582219 0.255928 0.043461 0.061591
1 0.625198 0.7555 0.079196 0.112917
1 0.823672 0.802549 0.074367 0.097519
1 0.724194 0.947117 0.070504 0.092387
1 0.869065 0.608366 0.058914 0.082121
1 0.772967 0.499726 0.056017 0.087254
1 0.915907 0.451822 0.063743 0.073567
1 0.848783 0.39793 0.045393 0.068435
1 0.892727 0.277314 0.048291 0.063302
1 0.776347 0.045492 0.045393 0.058169
1 0.523305 0.136168 0.037667 0.065013
