0 0.243687 0.483092 0.10101 0.221102
0 0.246717 0.525495 0.090909 0.151439
0 0.17702 0.411158 0.040404 0.08632
0 0.429545 0.364212 0.042424 0.065119
0 0.573485 0.347553 0.051515 0.080263
0 0.705808 0.402829 0.065657 0.096921
0 0.607323 0.571684 0.080808 0.13781
0 0.532576 0.470219 0.038384 0.101464
0 0.87399 0.716309 0.169697 0.29985
0 0.981444 0.399861 0.035111 0.075841
0 0.92702 0.445989 0.055556 0.071177
0 0.833081 0.338467 0.041414 0.053004
0 0.939646 0.257447 0.028283 0.048461
0 0.968939 0.224888 0.026263 0.040889
0 0.960859 0.110551 0.024242 0.033317
0 0.848737 0.251389 0.026263 0.039374
0 0.77803 0.283192 0.034343 0.051489
0 0.255808 0.325595 0.034343 0.057547
0 0.409848 0.278649 0.035354 0.045432
0 0.309343 0.303636 0.030303 0.049975
0 0.445202 0.250632 0.027273 0.03786
0 0.538636 0.28092 0.040404 0.06209
0 0.665909 0.329381 0.030303 0.03786
0 0.622475 0.290764 0.034343 0.042403
0 0.145202 0.283192 0.023232 0.042403
