0 0.072384 0.744589 0.073643 0.145736
0 0.034109 0.618233 0.06686 0.113178
0 0.252616 0.517457 0.081395 0.106977
0 0.263275 0.710481 0.089147 0.102326
0 0.409109 0.676372 0.097868 0.130233
0 0.485174 0.905054 0.085271 0.137984
0 0.167829 0.915907 0.092054 0.116279
0 0.184787 0.435287 0.065891 0.103876
0 0.059302 0.295752 0.047481 0.066667
0 0.017636 0.372496 0.033915 0.114729
0 0.130039 0.243039 0.053295 0.060465
0 0.162016 0.174047 0.043605 0.071318
0 0.193992 0.050791 0.047481 0.063566
0 0.238566 0.083349 0.026163 0.051163
0 0.275388 0.099628 0.024225 0.058915
0 0.305426 0.157767 0.037791 0.072868
0 0.352422 0.260093 0.067829 0.116279
0 0.269574 0.197302 0.026163 0.04031
0 0.025388 0.082574 0.028101 0.046512
0 0.01376 0.171721 0.024225 0.066667
0 0.134884 0.039163 0.031977 0.037209
0 0.436725 0.217457 0.056202 0.102326
0 0.500194 0.24614 0.043605 0.07907
0 0.506008 0.453116 0.033915 0.083721
0 0.448353 0.501953 0.065891 0.106977
0 0.351453 0.443814 0.065891 0.08062
0 0.57093 0.506605 0.059109 0.088372
0 0.609205 0.380248 0.056202 0.077519
0 0.577229 0.282574 0.027132 0.058915
0 0.628101 0.24614 0.037791 0.075969
0 0.690116 0.429085 0.064922 0.110078
0 0.704651 0.803504 0.080426 0.127132
0 0.814147 0.68645 0.07655 0.122481
0 0.759884 0.565519 0.057171 0.100775
0 0.825775 0.483349 0.06686 0.097674
0 0.915891 0.416682 0.061047 0.100775
0 0.975698 0.439767 0.046938 0.091132
0 0.940601 0.858543 0.081395 0.122481
0 0.819477 0.237612 0.052326 0.089922
0 0.931395 0.235287 0.051357 0.094574
0 0.986143 0.211256 0.013566 0.068217
0 0.942054 0.112031 0.035853 0.052713
0 0.98781 0.134109 0.022713 0.02245
0 0.892636 0.124434 0.045543 0.077519
0 0.814632 0.088775 0.02907 0.062016
0 0.848547 0.051566 0.032946 0.077519
0 0.76376 0.157767 0.047481 0.088372
0 0.719671 0.291876 0.054264 0.083721
0 0.683818 0.192651 0.017442 0.049612
0 0.708527 0.122109 0.035853 0.075969
0 0.733721 0.057767 0.031977 0.049612
0 0.590795 0.132961 0.046512 0.07907
0 0.485174 0.115132 0.04845 0.077519
0 0.532171 0.070171 0.033915 0.062016
0 0.420252 0.04924 0.046512 0.069767
