0 0.592713 0.890691 0.124562 0.195573
0 0.777024 0.654942 0.080003 0.139478
0 0.891459 0.60567 0.150892 0.17738
0 0.611954 0.392662 0.088105 0.148575
0 0.727908 0.340358 0.076965 0.095512
0 0.407895 0.657216 0.121524 0.168284
0 0.159277 0.700424 0.134689 0.166768
0 0.228647 0.460885 0.085067 0.087932
0 0.335993 0.225136 0.064813 0.074287
0 0.16586 0.238781 0.038483 0.083384
0 0.041804 0.3396 0.069876 0.121286
0 0.939056 0.195573 0.055698 0.0849
0 0.496 0.159945 0.036457 0.062159
0 0.597776 0.193299 0.047597 0.040934
0 0.6555 0.149333 0.057724 0.062159
0 0.295485 0.701941 0.072914 0.136446
