0 0.313668 0.755317 0.065471 0.12412
0 0.510083 0.784833 0.0695 0.131688
0 0.702971 0.718989 0.10274 0.160448
0 0.928596 0.868841 0.064464 0.148339
0 0.780026 0.640279 0.055399 0.108984
0 0.836936 0.583516 0.02216 0.065087
0 0.12632 0.690229 0.065471 0.136229
0 0.25827 0.644819 0.047341 0.099902
0 0.414897 0.453341 0.028203 0.068115
0 0.32223 0.562325 0.044319 0.065087
0 0.558934 0.579732 0.052377 0.084765
0 0.087037 0.520699 0.02921 0.066601
0 0.267838 0.361008 0.032232 0.043896
0 0.639515 0.562325 0.038276 0.043896
