0 0.213946 0.761236 0.083333 0.132014
0 0.051295 0.882629 0.071285 0.101666
0 0.107018 0.50176 0.066265 0.098631
0 0.047279 0.517693 0.051205 0.072835
0 0.357018 0.793102 0.088353 0.113805
0 0.57991 0.793861 0.088353 0.106218
0 0.488042 0.68916 0.079317 0.103184
0 0.721476 0.691436 0.062249 0.086492
0 0.64757 0.941823 0.103193 0.113836
0 0.874086 0.841659 0.078313 0.128979
0 0.909729 0.705092 0.057229 0.098631
0 0.927801 0.588252 0.043173 0.086492
0 0.811837 0.626187 0.052209 0.086492
0 0.914247 0.40844 0.046185 0.069801
0 0.960432 0.346985 0.024096 0.077388
0 0.772681 0.340157 0.048193 0.07587
0 0.690351 0.353055 0.03012 0.077388
0 0.63262 0.400853 0.039157 0.07587
0 0.619568 0.544248 0.055221 0.083457
0 0.578906 0.300704 0.038153 0.060696
0 0.720974 0.177036 0.041165 0.056144
0 0.540753 0.214971 0.040161 0.056144
0 0.47248 0.218764 0.024096 0.042487
0 0.46997 0.307532 0.039157 0.059179
0 0.489548 0.394783 0.032129 0.051592
0 0.429809 0.441823 0.031124 0.069801
0 0.350492 0.43727 0.029116 0.091044
0 0.301295 0.453203 0.063253 0.101666
0 0.157721 0.445616 0.035141 0.065248
0 0.054809 0.400094 0.050201 0.056144
0 0.08995 0.260493 0.046185 0.065248
0 0.265653 0.077646 0.028112 0.048557
0 0.371576 0.142894 0.035141 0.039453
0 0.463444 0.063989 0.024096 0.045522
0 0.345974 0.153516 0.024096 0.045522
0 0.192861 0.188416 0.027108 0.039453
0 0.607018 0.186899 0.024096 0.042487
