0 0.192013 0.90397 0.13961 0.177273
0 0.081082 0.52897 0.0671 0.090909
0 0.031299 0.728212 0.060606 0.116667
0 0.049697 0.924424 0.088745 0.115152
0 0.189307 0.677455 0.080087 0.081818
0 0.290498 0.670636 0.09632 0.140909
0 0.420909 0.816848 0.090909 0.142424
0 0.53671 0.916848 0.121212 0.139394
0 0.529134 0.641848 0.069264 0.128788
0 0.725022 0.488061 0.073593 0.106061
0 0.769394 0.709273 0.097403 0.145455
0 0.852727 0.743364 0.058442 0.14697
0 0.934978 0.868364 0.103896 0.178788
0 0.8971 0.261545 0.060606 0.101515
0 0.780216 0.397909 0.056277 0.110606
0 0.712035 0.307 0.038961 0.083333
0 0.792121 0.244879 0.038961 0.065152
0 0.98619 0.214061 0.026667 0.073212
0 0.977727 0.129727 0.03355 0.062121
0 0.867879 0.042606 0.045455 0.045455
0 0.654134 0.131242 0.035714 0.074242
0 0.606515 0.298667 0.037879 0.081818
0 0.562143 0.459273 0.050866 0.093939
0 0.371667 0.517606 0.072511 0.092424
0 0.420368 0.302455 0.048701 0.086364
0 0.338658 0.300182 0.071429 0.084848
0 0.221775 0.227455 0.064935 0.075758
0 0.129242 0.389576 0.068182 0.090909
0 0.024264 0.239576 0.040043 0.066667
0 0.123831 0.169879 0.057359 0.042424
0 0.371667 0.078212 0.042208 0.037879
0 0.495043 0.168364 0.035714 0.069697
0 0.537792 0.182758 0.049784 0.059091
0 0.613009 0.188061 0.046537 0.042424
0 0.598398 0.055485 0.038961 0.059091
0 0.509113 0.063818 0.03355 0.045455
0 0.673615 0.343364 0.029221 0.05303
