0 0.041827 0.485817 0.041346 0.054487
0 0.089423 0.832772 0.048077 0.075321
0 0.223077 0.857612 0.05 0.080128
0 0.342788 0.783093 0.056731 0.072115
0 0.466346 0.819952 0.057692 0.091346
0 0.636058 0.76867 0.054808 0.097756
0 0.619231 0.609215 0.038462 0.064103
0 0.467308 0.598798 0.051923 0.06891
0 0.371635 0.60601 0.047115 0.080128
0 0.256731 0.613221 0.053846 0.0625
0 0.142788 0.583574 0.039423 0.064103
0 0.186058 0.376843 0.041346 0.067308
0 0.295192 0.402484 0.05 0.070513
0 0.326442 0.335978 0.031731 0.052885
0 0.387981 0.454567 0.049038 0.075321
0 0.511058 0.48101 0.045192 0.067308
0 0.449519 0.38726 0.039423 0.05609
0 0.448558 0.271074 0.0375 0.057692
0 0.383173 0.231811 0.045192 0.0625
0 0.442788 0.134856 0.041346 0.060897
0 0.479808 0.077965 0.034615 0.049679
0 0.446635 0.038702 0.033654 0.051282
0 0.567308 0.129247 0.036538 0.052885
0 0.530769 0.246234 0.034615 0.0625
0 0.587981 0.347196 0.043269 0.065705
0 0.605769 0.255849 0.028846 0.046474
0 0.695192 0.269471 0.042308 0.070513
0 0.659615 0.19976 0.030769 0.05609
0 0.676923 0.463381 0.030769 0.064103
0 0.741346 0.350401 0.036538 0.06891
0 0.795673 0.482612 0.033654 0.035256
0 0.802885 0.600401 0.048077 0.088141
0 0.784615 0.939343 0.05 0.080128
0 0.900962 0.766266 0.048077 0.108974
0 0.987188 0.553726 0.024375 0.071715
0 0.871635 0.396875 0.045192 0.081731
0 0.911538 0.229407 0.038462 0.060897
0 0.812981 0.282292 0.043269 0.064103
0 0.767788 0.216587 0.033654 0.044872
0 0.90625 0.119631 0.033654 0.046474
0 0.962019 0.086779 0.025962 0.044872
0 0.980769 0.153285 0.025 0.05609
0 0.846154 0.118029 0.023077 0.043269
0 0.832212 0.039503 0.025962 0.036859
0 0.795192 0.102003 0.026923 0.059295
0 0.68125 0.089984 0.024038 0.054487
0 0.601442 0.099599 0.024038 0.044872
0 0.351923 0.126042 0.032692 0.05609
0 0.3625 0.025881 0.032692 0.051282
0 0.286538 0.061138 0.034615 0.048077
0 0.221154 0.073157 0.040385 0.05609
0 0.273077 0.223798 0.036538 0.065705
0 0.189904 0.210978 0.039423 0.052885
0 0.151923 0.26226 0.044231 0.052885
0 0.123558 0.148478 0.0375 0.049679
0 0.099038 0.200561 0.036538 0.048077
0 0.044712 0.321554 0.045192 0.081731
0 0.010577 0.15008 0.017308 0.052885
