0 0.06862 0.399888 0.052212 0.102491
0 0.088925 0.556525 0.050278 0.075418
0 0.028011 0.533319 0.044477 0.083153
0 0.019309 0.385384 0.036742 0.085087
0 0.036713 0.262589 0.038676 0.05608
0 0.125184 0.316735 0.04351 0.079285
0 0.157575 0.57973 0.059947 0.059947
0 0.217522 0.627108 0.036742 0.073484
0 0.283271 0.509147 0.046411 0.104425
0 0.246045 0.401822 0.031907 0.07155
0 0.206403 0.385384 0.022239 0.069616
0 0.308893 0.355411 0.039643 0.090888
0 0.354821 0.270324 0.044477 0.090888
0 0.416702 0.195873 0.046411 0.104425
0 0.408967 0.344775 0.042543 0.038676
0 0.427338 0.455001 0.046411 0.054146
0 0.437007 0.603902 0.046411 0.108292
0 0.494537 0.587465 0.062848 0.121829
0 0.524027 0.43663 0.052212 0.102491
0 0.642955 0.525584 0.048345 0.110226
0 0.70677 0.613571 0.054146 0.104425
0 0.725141 0.443398 0.048345 0.088954
0 0.687432 0.36508 0.029007 0.067683
0 0.640538 0.341874 0.051245 0.094756
0 0.564153 0.322536 0.035775 0.090888
0 0.75028 0.320603 0.05608 0.114093
0 0.847453 0.517849 0.049312 0.102491
0 0.875977 0.308033 0.050278 0.100557
0 0.972182 0.406656 0.041576 0.077351
0 0.814579 0.311901 0.04351 0.046411
0 0.988745 0.566116 0.020556 0.121674
