0 0.146971 0.668473 0.063657 0.141954
0 0.294059 0.890007 0.070409 0.15916
0 0.47201 0.644814 0.067515 0.172065
0 0.35 0.498559 0.080054 0.15916
0 0.234259 0.361982 0.064622 0.126898
0 0.112731 0.299609 0.056906 0.118295
0 0.058237 0.468448 0.075231 0.154859
0 0.036535 0.175937 0.051119 0.103239
0 0.248727 0.078075 0.062693 0.101088
0 0.343731 0.128619 0.054012 0.141954
0 0.448862 0.350153 0.065586 0.133351
0 0.580517 0.440487 0.06848 0.172065
0 0.656231 0.662021 0.055941 0.163462
0 0.770042 0.508238 0.050154 0.161311
0 0.806211 0.833011 0.060764 0.178518
0 0.934008 0.770637 0.059799 0.135501
0 0.96439 0.444789 0.066551 0.167764
0 0.824537 0.379189 0.054977 0.126898
0 0.920505 0.268422 0.05787 0.124747
0 0.832253 0.07915 0.043403 0.124747
0 0.773418 0.181314 0.062693 0.139803
0 0.686613 0.261969 0.066551 0.150557
0 0.617168 0.043662 0.053048 0.07958
0 0.503356 0.149051 0.047261 0.10539
