0 0.118263 0.433907 0.042471 0.077171
0 0.065656 0.433907 0.037645 0.060022
0 0.032838 0.42276 0.024131 0.058307
0 0.264498 0.393607 0.049228 0.078886
0 0.235058 0.291569 0.028958 0.063452
0 0.337375 0.403896 0.054054 0.102895
0 0.508707 0.395322 0.060811 0.126904
0 0.573861 0.33873 0.055985 0.102895
0 0.659286 0.320723 0.051158 0.073741
0 0.734575 0.407326 0.060811 0.085746
0 0.855232 0.37903 0.027992 0.084031
0 0.897703 0.366168 0.037645 0.065167
0 0.936313 0.32844 0.024131 0.058307
0 0.977336 0.362738 0.021236 0.058307
