0 0.234921 0.871825 0.100255 0.168611
0 0.258213 0.602959 0.069875 0.101774
0 0.470369 0.526249 0.08304 0.109369
0 0.430368 0.753342 0.077976 0.120002
0 0.590371 0.811824 0.092154 0.13975
0 0.830376 0.677391 0.080002 0.12304
0 0.670879 0.564984 0.070888 0.116964
0 0.866833 0.55435 0.063799 0.09266
0 0.768603 0.485235 0.04152 0.057723
0 0.210111 0.423715 0.050634 0.074432
0 0.146818 0.414601 0.039494 0.068356
0 0.099729 0.580933 0.068862 0.082027
0 0.063779 0.435867 0.043545 0.07747
0 0.351379 0.334093 0.021266 0.04709
0 0.566067 0.337131 0.025317 0.056204
0 0.748349 0.382701 0.021266 0.056204
