0 0.366431 0.422215 0.047379 0.075666
0 0.392641 0.631053 0.069556 0.105932
0 0.486895 0.615163 0.054435 0.089286
0 0.53881 0.498638 0.045363 0.080206
0 0.686996 0.395732 0.045363 0.068099
0 0.715222 0.659806 0.05746 0.081719
0 0.658266 0.889831 0.056452 0.108959
0 0.858871 0.463075 0.032258 0.075666
0 0.52873 0.228511 0.029234 0.060533
0 0.220262 0.782385 0.09375 0.142252
0 0.047379 0.895884 0.094758 0.093826
0 0.099798 0.469885 0.064516 0.086259
0 0.206149 0.494098 0.043347 0.059019
0 0.416835 0.419189 0.035282 0.057506
