0 0.214214 0.879237 0.081653 0.108959
0 0.15121 0.968523 0.074597 0.054479
0 0.391633 0.848214 0.05746 0.074153
0 0.253024 0.680236 0.046371 0.104419
0 0.46119 0.525121 0.05746 0.081719
0 0.501512 0.352603 0.059476 0.084746
0 0.443044 0.400272 0.059476 0.055993
0 0.681956 0.720339 0.041331 0.087772
0 0.866431 0.762712 0.079637 0.111985
0 0.971774 0.904207 0.030242 0.092312
0 0.90625 0.509231 0.044355 0.107446
0 0.793851 0.408596 0.05746 0.102906
0 0.884577 0.144522 0.045363 0.071126
0 0.960181 0.126362 0.045363 0.071126
0 0.435484 0.28072 0.038306 0.049939
0 0.325605 0.289044 0.044355 0.072639
0 0.329133 0.090042 0.03125 0.077179
0 0.513105 0.026483 0.050403 0.04086
0 0.634073 0.030266 0.046371 0.03632
0 0.224798 0.461562 0.038306 0.0454
0 0.107863 0.485018 0.03629 0.086259
0 0.06502 0.603057 0.053427 0.113499
0 0.018145 0.675696 0.028226 0.086259
0 0.104335 0.322337 0.055444 0.042373
0 0.186996 0.209594 0.045363 0.080206
0 0.099294 0.214134 0.035282 0.062046
0 0.134577 0.096852 0.049395 0.087772
0 0.018145 0.086259 0.030242 0.066586
