0 0.26948 0.616466 0.051971 0.10437
0 0.406144 0.577114 0.06737 0.083838
0 0.600554 0.592513 0.06352 0.10437
0 0.760317 0.591657 0.053896 0.106081
0 0.861372 0.408582 0.036572 0.078705
0 0.982219 0.429396 0.031885 0.075848
0 0.975963 0.647367 0.044397 0.090887
0 0.974039 0.9096 0.048246 0.108904
0 0.696316 0.914177 0.062558 0.12148
0 0.033204 0.638709 0.056783 0.111214
0 0.181417 0.398316 0.062558 0.082127
0 0.181417 0.191288 0.054858 0.078705
0 0.255043 0.114294 0.055821 0.054751
0 0.399888 0.050132 0.03176 0.066728
0 0.509124 0.066386 0.038497 0.071861
0 0.387858 0.220374 0.048121 0.078705
0 0.046196 0.176744 0.051971 0.08726
0 0.123191 0.079218 0.036572 0.076994
0 0.659262 0.048421 0.034647 0.056462
0 0.669368 0.209253 0.033685 0.076994
0 0.552433 0.193854 0.042347 0.090682
0 0.803145 0.191288 0.045234 0.106081
0 0.965795 0.219519 0.047159 0.083838
0 0.982157 0.101461 0.025986 0.07015
0 0.80122 0.065531 0.037535 0.059884
0 0.36091 0.391472 0.046196 0.078705
0 0.537997 0.465045 0.050046 0.058173
0 0.699203 0.382918 0.047159 0.109503
