0 0.095258 0.209149 0.059271 0.059271
0 0.130213 0.438632 0.06231 0.068389
0 0.045106 0.535897 0.080547 0.077508
0 0.045106 0.801094 0.086626 0.088146
0 0.281429 0.631641 0.06383 0.080547
0 0.542067 0.64076 0.031915 0.059271
0 0.691763 0.634681 0.072948 0.074468
0 0.880213 0.532857 0.048632 0.059271
0 0.935684 0.424954 0.068389 0.053191
0 0.471398 0.856565 0.082067 0.080547
0 0.466839 0.219027 0.051672 0.051672
0 0.653769 0.341368 0.079027 0.06231
0 0.567903 0.165076 0.050152 0.06535
0 0.465319 0.100486 0.051672 0.045593
0 0.305745 0.097447 0.06079 0.06079
0 0.196322 0.083009 0.069909 0.053191
0 0.078541 0.102766 0.041033 0.047112
0 0.262432 0.282857 0.050152 0.051672
0 0.376413 0.028298 0.053191 0.053191
