0 0.082721 0.112711 0.053865 0.10091
0 0.237582 0.089622 0.057712 0.106041
0 0.43188 0.101594 0.055789 0.092358
0 0.582413 0.099029 0.039437 0.076965
0 0.767573 0.115277 0.040399 0.071834
0 0.923877 0.13238 0.064445 0.112882
0 0.921473 0.373538 0.055789 0.109462
0 0.754588 0.3838 0.052903 0.112882
0 0.583375 0.401758 0.062522 0.118013
0 0.417933 0.372682 0.062522 0.10091
0 0.253453 0.322228 0.035589 0.05131
0 0.077912 0.367551 0.048094 0.118013
0 0.087049 0.636074 0.043284 0.087227
0 0.251529 0.635219 0.068293 0.116303
0 0.418895 0.628378 0.064445 0.116303
0 0.583856 0.601013 0.059636 0.109462
0 0.754588 0.635219 0.05675 0.106041
0 0.915702 0.625812 0.050017 0.114593
0 0.908007 0.901177 0.069255 0.145379
0 0.758917 0.872101 0.055789 0.107751
0 0.576642 0.860984 0.045208 0.082096
0 0.423223 0.884929 0.059636 0.123144
0 0.251048 0.828487 0.034627 0.071834
0 0.094744 0.859273 0.047132 0.095779
