0 0.106697 0.119455 0.056061 0.065152
0 0.305939 0.104303 0.072727 0.077273
0 0.497606 0.116424 0.059091 0.080303
0 0.701394 0.119455 0.081818 0.086364
0 0.876394 0.117182 0.062121 0.090909
0 0.88397 0.308091 0.068182 0.087879
0 0.691545 0.319455 0.080303 0.092424
0 0.494576 0.313394 0.086364 0.077273
0 0.302909 0.309606 0.069697 0.075758
0 0.10897 0.297485 0.069697 0.066667
0 0.112758 0.492182 0.086364 0.077273
0 0.30897 0.514152 0.069697 0.066667
0 0.496091 0.506576 0.083333 0.072727
0 0.692303 0.505818 0.066667 0.083333
0 0.887758 0.507333 0.078788 0.074242
0 0.892303 0.70203 0.060606 0.072727
0 0.696848 0.710364 0.09697 0.071212
0 0.496091 0.700515 0.071212 0.066667
0 0.301394 0.725515 0.084848 0.092424
0 0.103667 0.694455 0.068182 0.075758
0 0.109727 0.889152 0.092424 0.098485
0 0.299121 0.895212 0.065152 0.077273
0 0.500636 0.899758 0.071212 0.077273
0 0.687758 0.89597 0.078788 0.075758
0 0.88397 0.889909 0.080303 0.093939
