1 0.484627 0.464361 0.08808 0.174116
1 0.66856 0.48768 0.078754 0.11815
1 0.760785 0.376525 0.080827 0.166343
1 0.808452 0.617489 0.078754 0.163234
1 0.926583 0.580179 0.072537 0.129032
1 0.7126 0.628372 0.07979 0.17567
1 0.868553 0.770618 0.105696 0.208317
1 0.94109 0.755849 0.091189 0.194326
1 0.714454 0.893618 0.110442 0.211799
1 0.836373 0.908387 0.124234 0.182262
1 0.568563 0.758181 0.092225 0.192771
1 0.390848 0.687447 0.118131 0.244073
1 0.270126 0.808706 0.090153 0.172561
1 0.150959 0.729421 0.0715 0.169452
1 0.046299 0.624485 0.090153 0.180334
1 0.057698 0.468247 0.081863 0.147688
1 0.255619 0.499339 0.075645 0.150797
1 0.125571 0.518772 0.066319 0.130587
1 0.180492 0.500894 0.084971 0.181889
1 0.375823 0.461251 0.0715 0.105713
1 0.331264 0.341547 0.067355 0.121259
1 0.242148 0.336883 0.06321 0.127478
1 0.151477 0.384298 0.060102 0.101049
1 0.113654 0.247493 0.059066 0.122814
1 0.017803 0.31745 0.03316 0.107268
1 0.814151 0.341547 0.077718 0.152351
1 0.895495 0.298018 0.051812 0.099495
1 0.972457 0.316836 0.054444 0.099821
1 0.943681 0.48768 0.073573 0.139914
1 0.531258 0.430937 0.054921 0.150797
0 0.630737 0.39829 0.065283 0.129032
1 0.665451 0.206296 0.062174 0.102604
1 0.732806 0.178313 0.047667 0.099495
1 0.81726 0.205519 0.061138 0.094831
1 0.953007 0.238166 0.059066 0.085503
1 0.479964 0.20241 0.070464 0.104159
1 0.585661 0.537427 0.078754 0.149242
