0 0.285778 0.612879 0.090909 0.125758
0 0.25699 0.90303 0.136364 0.175758
0 0.465071 0.85303 0.087879 0.151515
0 0.569616 0.592424 0.070707 0.109091
0 0.673152 0.884091 0.142424 0.201515
0 0.797899 0.794697 0.088889 0.168182
0 0.883253 0.776515 0.071717 0.113636
0 0.926182 0.654545 0.064646 0.075758
0 0.802444 0.524242 0.061616 0.106061
0 0.982121 0.555152 0.033091 0.049697
0 0.618101 0.47803 0.060606 0.080303
0 0.720121 0.377273 0.048485 0.060606
0 0.734768 0.474242 0.025253 0.063636
0 0.834263 0.322727 0.040404 0.066667
0 0.344364 0.442424 0.036364 0.066667
0 0.438808 0.521212 0.051515 0.1
0 0.116586 0.5 0.037374 0.087879
0 0.144364 0.424242 0.042424 0.066667
0 0.167091 0.419697 0.029293 0.063636
