0 0.197293 0.51161 0.075746 0.126046
0 0.322022 0.515406 0.084836 0.115416
0 0.323032 0.744719 0.078776 0.145788
0 0.524516 0.420492 0.067667 0.098711
0 0.664394 0.480478 0.058577 0.118453
0 0.690148 0.737126 0.093925 0.109341
0 0.817401 0.705235 0.087865 0.142751
0 0.942635 0.568558 0.075746 0.139714
0 0.971767 0.81592 0.053214 0.108992
0 0.897692 0.330134 0.030298 0.100229
0 0.982528 0.313429 0.030298 0.072894
0 0.966369 0.220034 0.058577 0.062264
0 0.829016 0.079561 0.036358 0.075931
0 0.768924 0.101581 0.051507 0.080487
0 0.767914 0.283816 0.051507 0.083524
0 0.629551 0.330134 0.053527 0.039484
0 0.633086 0.222312 0.040398 0.06682
0 0.565419 0.120564 0.046458 0.063782
0 0.429076 0.153214 0.050497 0.095673
0 0.339696 0.109174 0.045448 0.068338
0 0.248296 0.3681 0.060597 0.091118
0 0.114478 0.262555 0.085846 0.119971
0 0.049841 0.232183 0.049487 0.101748
