0 0.128528 0.702936 0.063508 0.098366
0 0.225302 0.797518 0.049395 0.087772
0 0.46119 0.8921 0.081653 0.113499
0 0.535282 0.702179 0.0625 0.108959
0 0.424395 0.652996 0.060484 0.098366
0 0.352823 0.65905 0.052419 0.083232
0 0.496472 0.537984 0.05746 0.065073
0 0.610383 0.666616 0.051411 0.071126
0 0.728831 0.666616 0.052419 0.086259
0 0.788306 0.864104 0.056452 0.099879
0 0.882056 0.725636 0.072581 0.086259
0 0.85131 0.551604 0.051411 0.074153
0 0.904234 0.402542 0.042339 0.060533
0 0.944556 0.365466 0.028226 0.055993
0 0.984073 0.315981 0.028629 0.050847
0 0.904234 0.255751 0.034274 0.063559
0 0.844758 0.304933 0.046371 0.062046
0 0.796875 0.451725 0.041331 0.074153
0 0.759073 0.517554 0.054435 0.060533
0 0.690524 0.524364 0.054435 0.068099
0 0.559476 0.428269 0.052419 0.069613
0 0.641129 0.323093 0.034274 0.059019
0 0.756048 0.265587 0.028226 0.049939
0 0.768649 0.157385 0.037298 0.063559
0 0.822581 0.225484 0.032258 0.063559
0 0.871472 0.183868 0.035282 0.034806
0 0.919859 0.181598 0.037298 0.042373
0 0.824093 0.124092 0.027218 0.048426
0 0.866431 0.071883 0.035282 0.04086
0 0.625 0.133929 0.032258 0.04086
0 0.697581 0.180085 0.02621 0.042373
0 0.691028 0.071126 0.027218 0.051453
0 0.574597 0.096852 0.034274 0.042373
0 0.540323 0.136955 0.028226 0.052966
0 0.49244 0.189165 0.025202 0.039346
0 0.56754 0.307203 0.040323 0.054479
0 0.502016 0.331416 0.038306 0.057506
0 0.454133 0.264831 0.041331 0.048426
0 0.40121 0.277694 0.03629 0.059019
0 0.41381 0.429782 0.035282 0.075666
0 0.38256 0.505448 0.037298 0.066586
0 0.293851 0.615163 0.033266 0.062046
0 0.164819 0.61138 0.045363 0.087772
0 0.117944 0.580357 0.038306 0.071126
0 0.205645 0.437349 0.042339 0.081719
0 0.285282 0.354116 0.03629 0.069613
0 0.332661 0.273154 0.040323 0.065073
0 0.376512 0.197488 0.037298 0.052966
0 0.390625 0.133929 0.027218 0.034806
0 0.422379 0.140738 0.028226 0.039346
0 0.467742 0.156628 0.024194 0.028753
0 0.298891 0.172518 0.023185 0.051453
0 0.342238 0.138469 0.023185 0.049939
0 0.215222 0.193705 0.041331 0.042373
0 0.235383 0.293584 0.03125 0.069613
0 0.079133 0.309473 0.035282 0.068099
0 0.023185 0.382113 0.032258 0.074153
0 0.044859 0.199001 0.041331 0.062046
0 0.135585 0.205811 0.041331 0.057506
0 0.174899 0.134685 0.025202 0.042373
0 0.250504 0.166465 0.025202 0.051453
0 0.107359 0.158898 0.023185 0.03632
