0 0.259819 0.665501 0.090664 0.150892
0 0.533256 0.622634 0.093557 0.147462
0 0.621991 0.566049 0.039545 0.102881
0 0.920023 0.763237 0.062693 0.120027
0 0.92147 0.432305 0.044367 0.113169
0 0.959086 0.386008 0.028935 0.10631
0 0.737731 0.340569 0.043403 0.087449
0 0.853472 0.182819 0.0299 0.049726
0 0.825984 0.259979 0.032793 0.042867
0 0.78451 0.331139 0.021219 0.034294
0 0.919059 0.107373 0.020255 0.02915
0 0.893017 0.087654 0.016397 0.024005
0 0.550135 0.223114 0.027006 0.05144
0 0.627296 0.327709 0.03858 0.065158
0 0.471046 0.31142 0.040509 0.066872
0 0.417998 0.301132 0.034722 0.060014
0 0.505285 0.126235 0.0299 0.053155
0 0.560745 0.109945 0.017361 0.030864
0 0.633565 0.115089 0.012539 0.034294
0 0.619579 0.034499 0.013503 0.024005
0 0.441628 0.11166 0.020255 0.044582
0 0.446451 0.187963 0.022184 0.036008
0 0.382311 0.211968 0.017361 0.042867
0 0.353376 0.265981 0.036651 0.034294
0 0.299846 0.196536 0.026042 0.042867
0 0.319136 0.127949 0.018326 0.032579
0 0.365914 0.113374 0.015432 0.020576
0 0.27284 0.128807 0.020255 0.037723
0 0.243904 0.176818 0.022184 0.048011
0 0.224614 0.247977 0.026042 0.042867
0 0.245351 0.33714 0.032793 0.070302
0 0.336979 0.37572 0.03858 0.058299
0 0.208218 0.408299 0.033758 0.068587
0 0.167708 0.135665 0.022184 0.041152
0 0.197126 0.226543 0.017361 0.037723
0 0.019657 0.185391 0.030864 0.044582
0 0.108873 0.145953 0.016397 0.027435
0 0.214969 0.125377 0.016397 0.034294
0 0.108873 0.087654 0.014468 0.041152
