0 0.209134 0.665826 0.054037 0.108075
0 0.396818 0.614362 0.066582 0.114937
0 0.287778 0.538023 0.037633 0.102928
0 0.221679 0.55432 0.057897 0.101213
0 0.075006 0.561182 0.055967 0.09092
0 0.033995 0.610073 0.043423 0.154392
0 0.022898 0.27041 0.036668 0.075481
0 0.233258 0.240389 0.032808 0.063472
0 0.295015 0.328736 0.032808 0.096066
0 0.355325 0.367334 0.029914 0.046318
0 0.386686 0.290138 0.034738 0.084058
0 0.402125 0.146896 0.027019 0.048033
0 0.343745 0.104867 0.024124 0.066903
0 0.313832 0.241247 0.033773 0.065188
0 0.170054 0.275556 0.043423 0.065188
0 0.574851 0.558609 0.052107 0.113221
0 0.584018 0.381058 0.039563 0.070334
0 0.677619 0.429949 0.045353 0.075481
0 0.762052 0.556894 0.069477 0.092635
0 0.888461 0.428233 0.038598 0.082343
0 0.949253 0.311581 0.036668 0.07205
0 0.938639 0.20608 0.038598 0.046318
0 0.863372 0.219803 0.034738 0.070334
0 0.811747 0.220661 0.029914 0.044602
0 0.71284 0.248109 0.030878 0.051464
0 0.580641 0.182921 0.038598 0.051464
0 0.521779 0.186352 0.036668 0.034309
0 0.433486 0.284134 0.035703 0.07205
0 0.329753 0.486559 0.038598 0.075481
0 0.787141 0.464258 0.032808 0.068619
0 0.438793 0.682123 -0.00579 0.0
