0 0.129196 0.630602 0.077505 0.122638
0 0.384445 0.50645 0.079572 0.137779
0 0.595775 0.520076 0.078538 0.128694
0 0.492436 0.432261 0.078538 0.11961
0 0.315724 0.278585 0.080605 0.105984
0 0.135913 0.383812 0.078538 0.107498
0 0.03929 0.482982 0.065104 0.130208
0 0.456267 0.149891 0.026868 0.051478
0 0.482618 0.066618 0.040303 0.060562
0 0.377211 0.055263 0.034102 0.046936
0 0.329158 0.039365 0.026868 0.027253
0 0.269221 0.046936 0.031002 0.045422
0 0.626261 0.291455 0.044436 0.110526
0 0.558056 0.33839 0.056837 0.089329
0 0.730117 0.396681 0.080605 0.11204
0 0.811239 0.32325 0.063037 0.095385
0 0.877894 0.575339 0.090939 0.136265
0 0.948165 0.271015 0.066138 0.105984
