0 0.392998 0.840474 0.101626 0.153771
0 0.647571 0.758259 0.066057 0.114187
0 0.842185 0.712585 0.085366 0.168996
0 0.913831 0.614384 0.037602 0.073079
0 0.94127 0.54435 0.035569 0.076124
0 0.801535 0.49563 0.044715 0.082214
0 0.74564 0.589263 0.050813 0.068512
0 0.660783 0.546634 0.041667 0.074602
0 0.599299 0.673 0.044715 0.080692
0 0.546453 0.593831 0.050813 0.089827
0 0.47938 0.561859 0.046748 0.056332
0 0.398079 0.577845 0.036585 0.05481
0 0.2431 0.540544 0.025407 0.044152
0 0.170945 0.539021 0.029472 0.038062
0 0.18314 0.778813 0.086382 0.133979
0 0.076941 0.678329 0.052846 0.079169
0 0.040356 0.564904 0.03252 0.056332
0 0.685681 0.446911 0.02439 0.04872
0 0.728872 0.422551 0.021341 0.033495
0 0.700417 0.412655 0.019309 0.031972
0 0.755295 0.40961 0.019309 0.016747
0 0.825925 0.400475 0.020325 0.025882
0 0.899096 0.417222 0.022358 0.022837
0 0.961596 0.405042 0.015244 0.025882
0 0.540864 0.475077 0.017276 0.035017
0 0.586087 0.449195 0.022358 0.028927
0 0.52562 0.421029 0.019309 0.033495
0 0.563222 0.406565 0.009146 0.041107
0 0.587104 0.402759 0.020325 0.033495
