0 0.143269 0.686838 0.080769 0.148718
0 0.302404 0.83812 0.068269 0.218803
0 0.590385 0.774872 0.080769 0.205128
0 0.84375 0.910769 0.106731 0.162393
0 0.698077 0.657778 0.061538 0.162393
0 0.895192 0.475726 0.048077 0.14359
0 0.726442 0.405641 0.047115 0.123077
0 0.494231 0.533846 0.073077 0.105983
0 0.286538 0.595385 0.053846 0.088889
0 0.255288 0.399658 0.056731 0.117949
0 0.304808 0.270598 0.034615 0.064957
0 0.098077 0.385983 0.048077 0.128205
0 0.073558 0.513333 0.058654 0.099145
0 0.032692 0.744103 0.063462 0.215385
0 0.169231 0.16547 0.036538 0.097436
0 0.185096 0.224444 0.0375 0.092308
0 0.295192 0.185128 0.021154 0.047863
0 0.335096 0.199658 0.022115 0.049573
0 0.450962 0.190256 0.028846 0.064957
0 0.484135 0.296239 0.045192 0.078632
0 0.522115 0.261197 0.038462 0.066667
0 0.564423 0.214188 0.032692 0.064957
0 0.740385 0.278291 0.036538 0.070085
0 0.871154 0.23812 0.025 0.064957
0 0.887019 0.353504 0.025962 0.046154
0 0.019231 0.141538 0.025 0.066667
