0 0.171119 0.386795 0.034274 0.090655
0 0.093498 0.600589 0.064516 0.067991
0 0.14995 0.692 0.064516 0.087633
0 0.259829 0.830249 0.066532 0.077057
0 0.41255 0.710131 0.063508 0.078568
0 0.467994 0.496336 0.061492 0.080079
0 0.312248 0.422301 0.054435 0.077057
0 0.571825 0.491048 0.043347 0.075546
0 0.698337 0.519755 0.080645 0.108786
0 0.843498 0.491803 0.078629 0.122384
0 0.639365 0.824205 0.065524 0.125406
0 0.869708 0.341467 0.058468 0.06648
0 0.760333 0.320314 0.041331 0.072524
0 0.656502 0.298406 0.045363 0.092166
0 0.605595 0.361109 0.052419 0.072524
0 0.542591 0.278764 0.03125 0.077057
0 0.479587 0.23948 0.02621 0.046838
0 0.422127 0.259122 0.028226 0.061948
0 0.382308 0.350533 0.041331 0.06648
0 0.140877 0.251568 0.02621 0.046838
0 0.253276 0.228904 0.03125 0.046838
0 0.239667 0.063458 0.038306 0.048349
0 0.886341 0.151847 0.027218 0.046838
0 0.920111 0.095188 0.018145 0.030218
0 0.679183 0.212284 0.030242 0.058926
0 0.716482 0.266677 0.030242 0.052882
0 0.398942 0.241747 0.020161 0.045327
