0 0.213391 0.562272 0.05684 0.108267
0 0.121869 0.486118 0.047206 0.077071
0 0.045761 0.657693 0.052987 0.100927
0 0.08237 0.922855 0.054913 0.095422
0 0.339595 0.914598 0.05684 0.108267
0 0.457129 0.643013 0.05106 0.097257
0 0.504817 0.48153 0.055877 0.093587
0 0.373314 0.420057 0.039499 0.077071
0 0.454239 0.294357 0.05106 0.111937
0 0.516859 0.053051 0.041426 0.080741
0 0.611272 0.109019 0.058767 0.093587
0 0.737476 0.129205 0.043353 0.082576
0 0.878613 0.110854 0.040462 0.097257
0 0.927264 0.305367 0.045279 0.108267
0 0.97749 0.689972 0.041686 0.099422
0 0.829961 0.876062 0.049133 0.119277
0 0.63632 0.711827 0.047206 0.102762
0 0.628131 0.500798 0.042389 0.077071
0 0.791426 0.339316 0.052987 0.110102
0 0.374759 0.102597 0.050096 0.095422
0 0.177264 0.157647 0.046243 0.099092
0 0.254817 0.327388 0.054913 0.100927
0 0.032274 0.16774 0.045279 0.089917
0 0.016859 0.367759 0.029865 0.115607
