0 0.077404 0.127839 0.0625 0.128205
0 0.217308 0.140659 0.061538 0.120879
0 0.365385 0.144322 0.063462 0.128205
0 0.505769 0.128755 0.055769 0.108059
0 0.644712 0.127839 0.064423 0.124542
0 0.784615 0.130586 0.063462 0.126374
0 0.925962 0.133333 0.069231 0.120879
0 0.077404 0.383333 0.066346 0.137363
0 0.2125 0.391575 0.073077 0.128205
0 0.788462 0.400733 0.065385 0.128205
0 0.929327 0.381502 0.064423 0.155678
0 0.075 0.626007 0.05 0.120879
0 0.210577 0.61685 0.059615 0.10989
0 0.788942 0.639744 0.072115 0.122711
0 0.925481 0.632418 0.052885 0.122711
0 0.929327 0.878755 0.068269 0.113553
0 0.780769 0.875092 0.057692 0.117216
0 0.643269 0.876007 0.05 0.119048
0 0.501923 0.884249 0.073077 0.135531
0 0.367788 0.867766 0.049038 0.128205
0 0.218269 0.887912 0.069231 0.139194
0 0.073077 0.875092 0.071154 0.150183
