1 0.282116 0.678202 0.057386 0.112024
1 0.405445 0.75995 0.06846 0.11808
1 0.5328 0.685014 0.057386 0.113538
1 0.657136 0.586615 0.052352 0.119594
1 0.675258 0.825802 0.054365 0.143815
1 0.754792 0.887113 0.070474 0.130191
1 0.825769 0.719076 0.055372 0.121108
1 0.771404 0.60251 0.053359 0.115052
1 0.801103 0.588128 0.050338 0.104455
1 0.922419 0.613864 0.055372 0.128677
1 0.979095 0.586577 0.039858 0.10438
1 0.961179 0.735728 0.064433 0.154412
1 0.614852 0.751624 0.072487 0.128677
1 0.608308 0.948423 0.081548 0.0984
1 0.576091 0.871974 0.07148 0.136246
1 0.364671 0.938583 0.075507 0.112024
1 0.278089 0.93934 0.075507 0.116566
1 0.094857 0.86062 0.069467 0.149871
1 0.134625 0.753894 0.070474 0.136246
1 0.094857 0.560122 0.073494 0.133218
1 0.319366 0.538172 0.051345 0.095372
1 0.369201 0.549525 0.054365 0.105969
1 0.42558 0.52379 0.072487 0.136246
1 0.496053 0.434473 0.058392 0.105969
1 0.586159 0.377704 0.049332 0.0984
1 0.656633 0.351212 0.061413 0.099914
1 0.611328 0.518492 0.051345 0.101428
1 0.588173 0.594941 0.053359 0.099914
1 0.545888 0.589642 0.045304 0.074178
1 0.730126 0.523033 0.061413 0.110511
1 0.690863 0.485187 0.053359 0.092344
1 0.819225 0.411766 0.064433 0.096886
1 0.874597 0.3444 0.056379 0.101428
1 0.983625 0.404726 0.030797 0.100973
1 0.962186 0.270221 0.050338 0.092344
1 0.894229 0.242972 0.03725 0.080234
1 0.803117 0.262652 0.044298 0.089317
1 0.817212 0.107483 0.040271 0.087803
1 0.97326 0.168037 0.050338 0.090831
1 0.884665 0.071908 0.042284 0.080234
1 0.986645 0.08881 0.024756 0.083761
1 0.73214 0.085532 0.045304 0.074178
1 0.670727 0.062825 0.035237 0.065095
1 0.650592 0.230104 0.051345 0.087803
1 0.723582 0.221778 0.040271 0.077206
1 0.593206 0.259624 0.045304 0.110511
1 0.49706 0.270978 0.066447 0.096886
1 0.444205 0.311095 0.045304 0.086289
1 0.392357 0.327747 0.052352 0.092344
1 0.412492 0.229347 0.052352 0.092344
1 0.496053 0.095372 0.050338 0.087803
1 0.616865 0.12792 0.03423 0.065095
1 0.589683 0.048443 0.036244 0.069637
1 0.437158 0.093858 0.047318 0.069637
1 0.347052 0.155926 0.046311 0.084775
1 0.28866 0.19907 0.046311 0.095372
1 0.313326 0.320178 0.041277 0.104455
1 0.332454 0.282332 0.035237 0.083261
1 0.168351 0.345913 0.057386 0.101428
1 0.239832 0.451126 0.051345 0.108997
1 0.285639 0.386787 0.056379 0.107483
1 0.134625 0.232375 0.050338 0.104455
1 0.076232 0.168794 0.044298 0.110511
1 0.025894 0.202855 0.048325 0.108997
1 0.181439 0.224049 0.043291 0.102941
1 0.241342 0.121108 0.044298 0.081748
1 0.343529 0.037846 0.03121 0.066609
1 0.272552 0.037846 0.036244 0.057526
1 0.077742 0.074178 0.045304 0.07872
1 0.0863 0.383003 0.066447 0.099914
1 0.546392 0.161981 0.03423 0.093858
1 0.583642 0.183175 0.040271 0.093858
1 0.821742 0.034818 0.039264 0.066609
1 0.45679 0.672904 0.060406 0.134732
