1 0.093061 0.693727 0.050183 0.088997
1 0.076173 0.513987 0.045358 0.064567
1 0.059284 0.375255 0.030882 0.052351
1 0.093061 0.349952 0.028952 0.050606
1 0.148552 0.399686 0.045358 0.034901
1 0.231548 0.369148 0.033777 0.040136
1 0.260017 0.438949 0.038603 0.075037
1 0.305858 0.335119 0.027987 0.031411
1 0.355559 0.571573 0.036672 0.047116
1 0.474744 0.573318 0.045358 0.068057
1 0.419736 0.486938 0.024127 0.052351
1 0.378238 0.438077 0.031847 0.055842
1 0.403812 0.355187 0.030882 0.043626
1 0.481017 0.330756 0.036672 0.043626
1 0.524928 0.351697 0.029917 0.050606
1 0.558705 0.534055 0.031847 0.062822
1 0.670652 0.528819 0.043428 0.062822
1 0.625777 0.74346 0.036672 0.062822
1 0.586692 0.428479 0.033777 0.050606
1 0.618056 0.321159 0.025092 0.041881
1 0.305375 0.265317 0.027022 0.031411
1 0.205974 0.202495 0.013511 0.024431
1 0.156755 0.196388 0.015441 0.026176
1 0.130699 0.191153 0.013511 0.022686
1 0.149035 0.169339 0.013511 0.01745
1 0.048668 0.201623 0.013511 0.026176
1 0.550984 0.292365 0.027987 0.043626
1 0.686093 0.308943 0.027987 0.045371
1 0.764264 0.325521 0.027987 0.040136
1 0.698639 0.423244 0.031847 0.054097
1 0.846294 0.370893 0.024127 0.043626
1 0.89117 0.317669 0.025092 0.034901
1 0.82844 0.308943 0.028952 0.034901
1 0.857875 0.265317 0.029917 0.034901
1 0.944731 0.37351 0.022196 0.045371
1 0.937493 0.459018 0.019301 0.055842
1 0.953416 0.794939 0.053079 0.088997
