0 0.095959 0.465406 0.036739 0.088605
0 0.034535 0.621229 0.065442 0.094716
0 0.244064 0.628867 0.061998 0.103882
0 0.139587 0.568524 0.06659 0.090133
0 0.112032 0.773232 0.050517 0.108465
0 0.400207 0.672406 0.052813 0.11152
0 0.593662 0.719764 0.079219 0.132908
0 0.820987 0.804549 0.113662 0.158878
0 0.946705 0.808369 0.08496 0.129852
0 0.931206 0.612063 0.067738 0.08555
0 0.82271 0.486029 0.061998 0.071801
0 0.653364 0.564705 0.06085 0.094716
0 0.568404 0.508945 0.067738 0.099299
0 0.447853 0.431033 0.063146 0.096243
0 0.603421 0.373745 0.04822 0.08555
0 0.555201 0.383675 0.050517 0.080967
0 0.750953 0.401244 0.035591 0.076384
0 0.314673 0.494432 0.040184 0.103882
0 0.168289 0.347775 0.04822 0.09166
0 0.028794 0.35083 0.040184 0.076384
0 0.068404 0.214867 0.050517 0.064162
0 0.199288 0.267572 0.039036 0.056524
0 0.362319 0.265281 0.057405 0.054996
