0 0.330256 0.493908 0.071349 0.116975
0 0.426132 0.762039 0.100334 0.112418
0 0.483545 0.486312 0.056856 0.101783
0 0.642965 0.370857 0.072464 0.110898
0 0.741628 0.403518 0.071349 0.094188
0 0.689788 0.771154 0.09922 0.148877
0 0.830814 0.815969 0.124861 0.159511
0 0.912196 0.401999 0.082497 0.130647
0 0.890457 0.225777 0.072464 0.118494
0 0.868161 0.051834 0.065775 0.086592
0 0.671394 0.161213 0.049052 0.104822
0 0.524794 0.235652 0.050167 0.095707
0 0.426132 0.255401 0.06466 0.098745
0 0.38767 0.280467 0.054627 0.100264
0 0.281761 0.40124 0.068004 0.092669
0 0.227692 0.353386 0.044593 0.091149
0 0.137949 0.226537 0.070234 0.092669
0 0.08165 0.654939 0.060201 0.077477
0 0.179755 0.680005 0.051282 0.069881
0 0.502497 0.101966 0.059086 0.098745
