0 0.923902 0.819668 0.059086 0.083466
0 0.749431 0.846225 0.06466 0.097124
0 0.877079 0.673223 0.054627 0.078913
0 0.971839 0.46911 0.050167 0.086501
0 0.862029 0.560923 0.053512 0.075878
0 0.800713 0.613279 0.046823 0.047045
0 0.679755 0.696745 0.043478 0.074361
0 0.668606 0.497185 0.041249 0.048562
0 0.742185 0.425101 0.047938 0.095607
0 0.841962 0.341634 0.037904 0.06829
0 0.985256 0.249344 0.027949 0.068852
0 0.954002 0.214918 0.03456 0.063738
0 0.979643 0.135245 0.0301 0.053115
0 0.912196 0.147386 0.017837 0.047045
0 0.853668 0.252857 0.047938 0.033386
0 0.815764 0.242993 0.023411 0.053115
0 0.839732 0.170908 0.046823 0.051597
0 0.867603 0.016875 0.031215 0.022763
0 0.966823 0.011564 0.026756 -0.021246
0 0.797926 0.113241 0.03456 0.045527
0 0.768941 0.093512 0.027871 0.051597
0 0.731594 0.066196 0.028986 0.033386
0 0.712085 0.117793 0.036789 0.057668
0 0.651327 0.090477 0.028986 0.045527
0 0.621226 0.220988 0.044593 0.051597
0 0.622341 0.307489 0.042363 0.042492
0 0.719331 0.280932 0.040134 0.053115
0 0.685329 0.265756 0.027871 0.047045
0 0.627915 0.41296 0.028986 0.065255
0 0.486332 0.708127 0.06243 0.084984
0 0.511416 0.479733 0.052397 0.074361
0 0.582207 0.376538 0.040134 0.06829
0 0.589454 0.291555 0.039019 0.059185
0 0.524794 0.369709 0.050167 0.051597
0 0.464593 0.340876 0.041249 0.066773
0 0.397146 0.41903 0.033445 0.047045
0 0.416656 0.50022 0.0301 0.060703
0 0.379866 0.736202 0.052397 0.089536
0 0.204281 0.847743 0.046823 0.069808
0 0.213757 0.695986 0.050167 0.081949
0 0.279532 0.552576 0.0301 0.059185
0 0.295697 0.456969 0.037904 0.05615
0 0.230479 0.482009 0.039019 0.069808
0 0.090569 0.607967 0.046823 0.063738
0 0.027023 0.658806 0.037904 0.077396
0 0.043746 0.382609 0.035674 0.034904
0 0.09893 0.337841 0.027871 0.033386
0 0.152441 0.3257 0.036789 0.051597
0 0.273958 0.283967 0.0301 0.05615
0 0.35534 0.211124 0.03233 0.05615
0 0.388785 0.321147 0.027871 0.069808
0 0.485217 0.15725 0.037904 0.045527
0 0.5666 0.137522 0.040134 0.045527
0 0.550992 0.046468 0.028986 0.033386
0 0.40272 0.139798 0.028986 0.040974
0 0.312419 0.136763 0.026756 0.05008
0 0.229365 0.186843 0.025641 0.047045
0 0.091126 0.261203 0.043478 0.053115
0 0.168606 0.226299 0.033445 0.044009
0 0.185329 0.140557 0.024526 0.054632
0 0.11621 0.115517 0.024526 0.044009
0 0.232709 0.088201 0.023411 0.040974
0 0.282876 0.069231 0.027871 0.024281
0 0.383211 0.058608 0.025641 0.033386
