0 0.155385 0.360631 0.047253 0.086442
0 0.160879 0.595693 0.073626 0.101608
0 0.361978 0.588869 0.047253 0.10919
0 0.376813 0.792842 0.054945 0.107674
0 0.271319 0.85047 0.063736 0.101608
0 0.433956 0.443282 0.083516 0.084926
0 0.31967 0.376554 0.063736 0.084926
0 0.444945 0.293904 0.048352 0.092508
0 0.618571 0.222627 0.041758 0.092508
0 0.687802 0.635123 0.063736 0.092508
0 0.516923 0.848954 0.071429 0.110707
0 0.950989 0.593418 0.069231 0.130422
0 0.725165 0.482712 0.048352 0.06976
0 0.965275 0.442524 0.062637 0.065211
0 0.540549 0.056567 0.061538 0.097058
0 0.203187 0.127843 0.046154 0.07886
0 0.107582 0.18168 0.061538 0.077343
