1 0.115639 0.345325 0.07803 0.061267
0 0.115639 0.367318 0.07803 0.111537
0 0.110822 0.38774 0.081884 0.14924
0 0.297228 0.471 0.0867 0.114679
0 0.358399 0.347681 0.074177 0.128817
0 0.291448 0.097116 0.084774 0.102111
0 0.453288 0.141888 0.071287 0.144527
0 0.662332 0.152099 0.061653 0.130388
0 0.617055 0.409734 0.088627 0.146098
0 0.474963 0.621026 0.051057 0.135101
0 0.373813 0.7954 0.087664 0.11625
0 0.247134 0.943854 0.07514 0.086402
0 0.139241 0.741203 0.055873 0.13353
0 0.051577 0.974488 0.077067 0.043986
0 0.074215 0.624953 0.05491 0.064409
0 0.09878 0.050773 0.048167 0.094257
0 0.845847 0.233002 0.06069 0.113108
0 0.895459 0.360249 0.071287 0.144527
0 0.975637 0.661085 0.02549 0.105253
0 0.976148 0.933659 0.044891 0.100572
0 0.830877 0.665797 0.087664 0.139814
0 0.683968 0.924218 0.07514 0.119392
0 0.66711 0.752985 0.07803 0.075405
0 0.481668 0.945425 0.08092 0.089544
