0 0.237364 0.475564 0.048335 0.116434
0 0.219115 0.702383 0.072996 0.074094
0 0.235884 0.871741 0.045376 0.09224
0 0.030214 0.937519 0.036498 0.105849
0 0.059314 0.632069 0.045376 0.114922
0 0.118993 0.395421 0.066091 0.107361
0 0.058821 0.414323 0.038471 0.0998
0 0.029721 0.412055 0.039457 0.140628
0 0.505179 0.373495 0.045376 0.090728
0 0.494328 0.526976 0.051294 0.122482
0 0.367572 0.471028 0.044389 0.11341
0 0.490382 0.779502 0.063131 0.077118
0 0.548088 0.89896 0.052281 0.098288
0 0.696546 0.872497 0.039457 0.117946
0 0.772007 0.895179 0.038471 0.105849
0 0.848455 0.768917 0.039457 0.098288
0 0.851415 0.615436 0.035511 0.105849
0 0.96732 0.484637 0.044389 0.101313
0 0.930329 0.935251 0.043403 0.080143
0 0.724659 0.645678 0.048335 0.12097
0 0.783844 0.294109 0.054253 0.095264
0 0.933781 0.278987 0.042416 0.089216
0 0.771514 0.083923 0.047348 0.083167
0 0.728111 0.112653 0.053267 0.086191
0 0.580147 0.114922 0.035511 0.105849
