1 0.405379 0.407112 0.099904 0.235008
1 0.143612 0.43027 0.116234 0.264169
1 0.584054 0.731319 0.117195 0.317346
1 0.306916 0.447423 0.09318 0.188692
1 0.334294 0.293039 0.059558 0.164677
1 0.530259 0.280174 0.074928 0.142377
1 0.493756 0.413974 0.076849 0.186977
1 0.244476 0.222708 0.058598 0.137231
1 0.295389 0.249297 0.056676 0.135515
1 0.368396 0.220993 0.060519 0.120077
1 0.751681 0.293897 0.079731 0.149238
1 0.830451 0.117212 0.056676 0.135515
1 0.107589 0.155808 0.051873 0.113215
1 0.169068 0.122358 0.053794 0.128654
