0 0.227236 0.506981 0.10279 0.176801
0 0.424334 0.322625 0.095805 0.158668
0 0.486208 0.83565 0.149695 0.217602
0 0.685801 0.432936 0.123748 0.185868
0 0.879406 0.458625 0.119756 0.158668
0 0.96074 0.230446 0.062872 0.16169
0 0.862441 0.129201 0.065866 0.125423
0 0.785098 0.228935 0.074847 0.116356
0 0.666341 0.18209 0.062872 0.101245
0 0.277634 0.263691 0.101792 0.152623
0 0.162369 0.200224 0.066864 0.101245
0 0.030637 0.662627 0.0489 0.231202
0 0.331025 0.12089 0.062872 0.078578
0 0.210271 0.062712 0.074847 0.101245
