0 0.946935 0.810553 0.060428 0.080223
0 0.831114 0.831744 0.048119 0.065086
0 0.71809 0.838555 0.043643 0.069627
0 0.591639 0.847637 0.043643 0.069627
0 0.490925 0.91348 0.059309 0.086277
0 0.378461 0.873369 0.049238 0.069627
0 0.33202 0.785578 0.050357 0.054491
0 0.375104 0.707626 0.038047 0.04995
0 0.475258 0.668271 0.045881 0.074168
0 0.552472 0.659189 0.030214 0.056005
0 0.606746 0.700058 0.038047 0.071141
0 0.64815 0.699301 0.029095 0.063573
0 0.748864 0.715194 0.038047 0.043895
0 0.854614 0.726546 0.036928 0.051464
0 0.943018 0.694003 0.054833 0.056005
0 0.968756 0.558532 0.036928 0.060546
0 0.885947 0.636485 0.045881 0.056005
0 0.789709 0.585021 0.039167 0.046923
0 0.694591 0.621348 0.039167 0.052977
0 0.618496 0.591076 0.036928 0.043895
0 0.536246 0.545666 0.033571 0.043895
0 0.254247 0.862017 0.051476 0.080223
0 0.128354 0.82796 0.054833 0.072655
0 0.166402 0.679623 0.048119 0.0666
0 0.251449 0.677353 0.036928 0.068114
0 0.321389 0.584264 0.042524 0.057518
0 0.413711 0.617564 0.032452 0.051464
0 0.213961 0.542639 0.044762 0.059032
0 0.0987 0.562316 0.047 0.056005
0 0.047783 0.477553 0.041405 0.04995
0 0.097021 0.446523 0.030214 0.051464
0 0.182628 0.373869 0.047 0.057518
0 0.384056 0.392789 0.022381 0.040868
0 0.514424 0.390519 0.027976 0.042382
0 0.552472 0.368571 0.032452 0.037841
0 0.60171 0.357975 0.027976 0.040868
0 0.632484 0.38068 0.026857 0.034814
0 0.729281 0.358732 0.027976 0.051464
0 0.727602 0.491175 0.031333 0.037841
0 0.77684 0.457119 0.024619 0.048436
0 0.95253 0.413223 0.024619 0.045409
0 0.986661 0.367814 0.0235 0.051464
0 0.856852 0.559289 0.032452 0.046923
0 0.739352 0.571398 0.0235 0.043895
0 0.54352 0.469228 0.021262 0.036327
0 0.603948 0.46166 0.025738 0.039355
0 0.621853 0.437441 0.0235 0.036327
0 0.673888 0.443496 0.031333 0.051464
0 0.885388 0.472255 0.020143 0.039355
0 0.85909 0.376139 0.030214 0.040868
0 0.918399 0.333757 0.016786 0.031786
0 0.884828 0.325432 0.027976 0.027245
0 0.849019 0.304998 0.030214 0.046923
0 0.918959 0.260346 0.020143 0.0333
0 0.985542 0.252021 0.025738 0.034814
0 0.780197 0.262616 0.026857 0.043895
0 0.7539 0.287591 0.019024 0.030273
0 0.739912 0.314837 0.015667 0.024218
0 0.704662 0.253534 0.016786 0.025732
0 0.728721 0.219477 0.022381 0.027245
0 0.738793 0.177096 0.015667 0.024218
0 0.785793 0.18315 0.022381 0.0333
0 0.860769 0.171798 0.013429 0.034814
0 0.468544 0.33073 0.03469 0.046923
0 0.376782 0.338298 0.030214 0.037841
0 0.283901 0.320891 0.019024 0.027245
0 0.266556 0.269428 0.033571 0.030273
0 0.199973 0.276239 0.032452 0.022705
0 0.173116 0.257318 0.025738 0.0333
0 0.03995 0.261103 0.0235 0.031786
0 0.043867 0.376896 0.026857 0.036327
0 0.09814 0.388248 0.027976 0.031786
0 0.160247 0.31635 0.022381 0.0333
