0 0.320002 0.530593 0.090895 0.097192
0 0.318487 0.753831 0.081806 0.142751
0 0.197293 0.510091 0.071706 0.11086
0 0.260415 0.370378 0.060597 0.095673
0 0.119022 0.26787 0.070696 0.115416
0 0.047821 0.240535 0.069686 0.08808
0 0.523507 0.412899 0.075746 0.113897
0 0.668434 0.480478 0.060597 0.12149
0 0.699742 0.746997 0.086856 0.144269
0 0.818411 0.715865 0.083826 0.124527
0 0.94415 0.56704 0.082816 0.151863
0 0.980856 0.818236 0.035035 0.12881
0 0.891633 0.326338 0.060597 0.098711
0 0.973438 0.322541 0.048478 0.08808
0 0.966369 0.220034 0.040398 0.065301
0 0.830026 0.086395 0.034338 0.071375
0 0.772459 0.099303 0.050497 0.072894
0 0.768419 0.281538 0.066657 0.085043
1 0.632581 0.326338 0.063627 0.053152
1 0.631571 0.214719 0.043428 0.091118
1 0.563904 0.114489 0.047468 0.078969
1 0.443721 0.155492 0.073726 0.109341
1 0.218502 0.038558 0.059587 0.069857
1 0.349795 0.100062 0.043428 0.065301
