0 0.163802 0.566853 0.06466 0.069662
0 0.309844 0.563824 0.051282 0.069662
0 0.386767 0.48659 0.037904 0.063605
0 0.492118 0.497948 0.03233 0.080263
0 0.622553 0.528236 0.041249 0.077234
0 0.755217 0.558524 0.059086 0.080263
0 0.775842 0.434343 0.028986 0.06209
0 0.906834 0.385883 0.03456 0.053004
0 0.792564 0.371496 0.037904 0.063605
0 0.673278 0.404813 0.035674 0.063605
0 0.540613 0.347266 0.037904 0.063605
0 0.443066 0.431315 0.025641 0.056033
0 0.350535 0.456302 0.039019 0.051489
0 0.233478 0.469175 0.03233 0.068148
0 0.211182 0.416928 0.021182 0.036345
