0 0.128101 0.665319 0.125 0.270214
1 0.247771 0.444789 0.081395 0.181305
1 0.075775 0.383773 0.06686 0.163872
1 0.164922 0.288763 0.051357 0.099369
1 0.209981 0.339319 0.056202 0.113315
1 0.307364 0.341062 0.07655 0.144695
1 0.262791 0.314041 0.031977 0.080192
1 0.493895 0.354137 0.04845 0.122032
1 0.588857 0.374185 0.089147 0.179561
1 0.781202 0.453506 0.10562 0.233604
1 0.724031 0.321886 0.057171 0.127262
1 0.680426 0.247795 0.028101 0.080192
1 0.413469 0.258255 0.01938 0.052299
1 0.480329 0.254768 0.027132 0.048813
1 0.360659 0.268714 0.033915 0.073219
1 0.096124 0.20334 0.016473 0.050556
