0 0.38988 0.580952 0.05494 0.098413
0 0.543133 0.675397 0.081928 0.122222
0 0.659277 0.748413 0.057831 0.090476
0 0.270361 0.661111 0.093494 0.131746
0 0.17253 0.53254 0.059759 0.084127
0 0.068434 0.456349 0.065542 0.084127
0 0.176867 0.393651 0.045301 0.08254
0 0.238072 0.142063 0.052048 0.106349
0 0.081928 0.173016 0.055904 0.073016
0 0.271325 0.396825 0.039518 0.069841
0 0.379277 0.378571 0.05494 0.090476
0 0.459277 0.403175 0.060723 0.107937
0 0.550843 0.437302 0.05494 0.090476
0 0.666024 0.405556 0.057831 0.096825
0 0.768193 0.526984 0.069398 0.11746
0 0.764819 0.738095 0.053012 0.111111
0 0.865542 0.792063 0.080964 0.174603
0 0.82747 0.359524 0.053012 0.077778
0 0.930602 0.233333 0.043373 0.092063
0 0.977349 0.331746 0.040482 0.098413
0 0.922892 0.507143 0.064578 0.084127
0 0.850602 0.120635 0.03759 0.104762
0 0.752289 0.17381 0.05494 0.093651
0 0.648193 0.148413 0.041446 0.084127
0 0.585542 0.192063 0.047229 0.098413
0 0.41253 0.221429 0.05012 0.080952
0 0.295422 0.206349 0.041446 0.069841
0 0.020723 0.610317 0.041446 0.160317
