0 0.123939 0.389005 0.07684 0.105955
0 0.083355 0.529773 0.071429 0.090818
0 0.031948 0.727303 0.059524 0.107468
0 0.192121 0.685678 0.09632 0.072655
0 0.291147 0.675839 0.106061 0.155905
0 0.187792 0.911967 0.13961 0.155905
0 0.0471 0.933158 0.081169 0.125632
0 0.023831 0.239912 0.041126 0.08325
0 0.220801 0.224018 0.04329 0.078709
0 0.343095 0.294403 0.071429 0.095359
0 0.426429 0.300457 0.051948 0.107468
0 0.370693 0.517664 0.068182 0.102927
0 0.540606 0.641026 -0.083333 -0.119577
0 0.417771 0.827203 0.095238 0.104441
0 0.529242 0.919535 0.108225 0.128659
0 0.772208 0.716708 0.087662 0.14985
0 0.937251 0.881694 0.106061 0.180123
0 0.721883 0.488905 0.080087 0.112009
0 0.77816 0.405655 0.051948 0.115036
0 0.894502 0.263373 0.057359 0.075682
0 0.98619 0.206793 0.024286 0.080586
0 0.971883 0.125632 0.04329 0.051464
0 0.867987 0.036327 0.04329 0.054491
0 0.798182 0.240668 0.042208 0.048436
0 0.715931 0.2997 0.046537 0.090818
0 0.67697 0.337541 0.029221 0.063573
0 0.600671 0.295916 0.041126 0.080223
0 0.557922 0.457119 0.037879 0.087791
0 0.112576 0.172555 0.054113 0.048436
0 0.064416 0.218721 0.03355 0.071141
0 0.371234 0.077952 0.041126 0.062059
0 0.372857 0.208882 0.044372 0.072655
0 0.5379 0.174825 0.054113 0.077196
0 0.649913 0.132443 0.040043 0.068114
0 0.613117 0.176339 0.040043 0.04995
0 0.491905 0.170284 0.042208 0.068114
0 0.601212 0.059789 0.03355 0.04995
0 0.72513 0.101414 0.02381 0.036327
0 0.292229 0.182393 0.02381 0.052977
0 0.30197 0.096873 0.034632 0.045409
