0 0.348783 0.532625 0.040209 0.089074
0 0.394386 0.820805 0.052959 0.075101
0 0.602299 0.937823 0.076496 0.110032
0 0.547869 0.829538 0.057862 0.092567
0 0.478728 0.733478 0.060805 0.117018
0 0.278171 0.797226 0.057862 0.115272
0 0.168331 0.895906 0.05394 0.082087
0 0.133515 0.729111 0.043152 0.101299
0 0.210992 0.591135 0.043152 0.09082
0 0.247279 0.535245 0.023537 0.066369
0 0.176667 0.488962 0.037267 0.047157
0 0.168821 0.594628 0.037267 0.076848
0 0.068297 0.56581 0.032364 0.061129
0 0.061923 0.427833 0.023537 0.036677
0 0.108997 0.371944 0.033344 0.064622
0 0.199223 0.38155 0.031383 0.055889
0 0.101151 0.310815 0.031383 0.047157
0 0.067807 0.302082 0.031383 0.036677
0 0.096738 0.19467 0.024518 0.04541
0 0.037405 0.299462 0.025499 0.04541
0 0.022203 0.627812 0.042171 0.076848
0 0.01681 0.782381 0.029422 0.09606
0 0.324265 0.226981 0.022557 0.04017
0 0.408607 0.340506 0.018634 0.05065
0 0.3988 0.28549 0.024518 0.038424
0 0.46696 0.343999 0.02746 0.043664
0 0.466469 0.414734 0.030402 0.034931
0 0.48069 0.490708 0.021576 0.05065
0 0.441461 0.530006 0.031383 0.062876
0 0.583175 0.493328 0.034325 0.080341
0 0.547379 0.413861 0.02746 0.054143
0 0.619461 0.455778 0.034325 0.075101
0 0.682718 0.446172 0.037267 0.076848
0 0.714101 0.688068 0.033344 0.071608
0 0.650354 0.740464 0.033344 0.089074
0 0.574839 0.615586 0.033344 0.073355
0 0.758233 0.867088 0.047075 0.108286
0 0.778338 0.74483 0.050017 0.09082
0 0.791578 0.653137 0.037267 0.075101
0 0.866603 0.914245 0.044132 0.104793
0 0.950454 0.751816 0.060805 0.097806
0 0.950454 0.572796 0.045113 0.082087
0 0.889159 0.481976 0.038248 0.05065
0 0.850911 0.308195 0.034325 0.055889
0 0.812663 0.448791 0.032364 0.064622
0 0.785203 0.495948 0.028441 0.057636
0 0.64496 0.310815 0.026479 0.057636
0 0.520899 0.343126 0.025499 0.048903
0 0.463037 0.206022 0.023537 0.043664
