0 0.257044 0.476796 0.059309 0.072655
0 0.370627 0.532044 0.044762 0.068114
0 0.487567 0.684921 0.106309 0.14985
0 0.620734 0.659189 0.090643 0.137741
0 0.709698 0.588805 0.053714 0.112009
0 0.583246 0.384464 0.051476 0.078709
0 0.456234 0.438198 0.045881 0.068114
0 0.206687 0.442739 0.03469 0.059032
0 0.142342 0.487391 0.042524 0.051464
0 0.127235 0.344353 0.032452 0.046923
0 0.154092 0.348137 0.0235 0.057518
0 0.258723 0.328459 0.033571 0.048436
0 0.339294 0.358732 0.031333 0.063573
0 0.443365 0.329973 0.035809 0.060546
0 0.479734 0.287591 0.021262 0.036327
0 0.526734 0.267914 0.025738 0.042382
