0 0.252218 0.794102 0.072338 0.144033
0 0.105613 0.790672 0.060764 0.10631
0 0.024595 0.678361 0.04919 0.101166
0 0.148534 0.572051 0.032793 0.060014
0 0.284047 0.496605 0.047261 0.090878
0 0.125868 0.435734 0.024113 0.05487
0 0.341917 0.6012 0.04919 0.094307
0 0.424865 0.652641 0.058835 0.111454
0 0.530961 0.737517 0.056906 0.109739
0 0.470679 0.629492 0.044367 0.096022
0 0.714217 0.576337 0.043403 0.075446
0 0.855035 0.554047 0.04919 0.089163
0 0.89892 0.560905 0.028935 0.065158
0 0.974633 0.578909 0.035687 0.070302
0 0.962577 0.735802 0.055941 0.116598
0 0.805845 0.929561 0.072338 0.113169
0 0.811632 0.453738 0.035687 0.060014
