0 0.215318 0.395908 0.060694 0.109522
0 0.5 0.538135 0.082852 0.135382
0 0.350674 0.568558 0.046243 0.086705
0 0.332852 0.905491 0.103083 0.149072
0 0.150771 0.938956 0.078035 0.103438
0 0.513969 0.786082 0.066474 0.135382
0 0.64499 0.868984 0.078035 0.136903
0 0.621869 0.628643 0.068401 0.118649
0 0.69894 0.537375 0.041426 0.079099
0 0.881503 0.369288 0.067437 0.086705
0 0.964836 0.244554 0.052987 0.065409
0 0.863198 0.144159 0.034682 0.05324
0 0.974952 0.133511 0.044316 0.059325
0 0.823699 0.071144 0.040462 0.065409
0 0.597784 0.269653 0.06262 0.097353
0 0.396435 0.373852 0.047206 0.089747
0 0.090559 0.321372 0.034682 0.069973
0 0.236994 0.190554 0.025048 0.054761
