0 0.140366 0.55189 0.046748 0.074695
0 0.144939 0.756921 0.039634 0.07622
0 0.042805 0.507683 0.038618 0.059451
0 0.064654 0.253872 0.033537 0.060976
0 0.066179 0.10372 0.038618 0.077744
0 0.119024 0.046555 0.04065 0.064024
0 0.189146 0.198994 0.04065 0.060976
0 0.29128 0.124299 0.035569 0.054878
0 0.236911 0.05875 0.03252 0.051829
0 0.411199 0.04503 0.027439 0.057927
0 0.423902 0.231768 0.028455 0.053354
0 0.414248 0.323232 0.037602 0.059451
0 0.309065 0.362104 0.036585 0.051829
0 0.244533 0.474146 0.039634 0.041159
0 0.233354 0.38878 0.037602 0.035061
0 0.323293 0.49625 0.042683 0.054878
0 0.322276 0.58314 0.042683 0.042683
0 0.292297 0.800366 0.049797 0.047256
0 0.353272 0.82247 0.041667 0.067073
0 0.45185 0.765305 0.039634 0.077744
0 0.45185 0.891067 0.057927 0.088415
0 0.488943 0.483293 0.042683 0.077744
0 0.454898 0.452805 0.027439 0.071646
0 0.517907 0.331616 0.031504 0.045732
0 0.577358 0.493201 0.030488 0.064024
0 0.621565 0.564085 0.029472 0.059451
0 0.667297 0.740915 0.049797 0.074695
0 0.751646 0.559512 0.043699 0.080793
0 0.69626 0.490915 0.042683 0.065549
0 0.824309 0.367439 0.038618 0.068598
0 0.911199 0.475671 0.039634 0.071646
0 0.962012 0.538171 0.037602 0.0625
0 0.812114 0.186799 0.028455 0.060976
0 0.877154 0.144116 0.026423 0.064024
0 0.924919 0.263018 0.04065 0.073171
0 0.717602 0.205854 0.03252 0.053354
0 0.705915 0.115152 0.041667 0.04878
0 0.774512 0.064848 0.030488 0.064024
0 0.621565 0.151738 0.037602 0.060976
0 0.641382 0.226433 0.034553 0.051829
