0 0.13611 0.533731 0.075991 0.121842
0 0.368892 0.763787 0.074067 0.113826
0 0.066372 0.792645 0.057715 0.075349
0 0.425644 0.512088 0.0606 0.120239
0 0.336187 0.415096 0.054829 0.073746
0 0.41843 0.341349 0.042324 0.080159
0 0.324644 0.198666 0.037514 0.080159
0 0.265968 0.253174 0.052905 0.073746
0 0.126491 0.289246 0.062524 0.06573
0 0.059638 0.232333 0.055791 0.086572
0 0.606483 0.421508 0.077915 0.121842
0 0.73105 0.735732 0.078876 0.160318
0 0.943632 0.717295 0.082724 0.139477
0 0.829165 0.524913 0.06541 0.084969
0 0.803194 0.383032 0.057715 0.086572
0 0.722874 0.294055 0.047134 0.091381
0 0.915737 0.310889 0.042324 0.096191
0 0.981147 0.305278 0.032705 0.101
0 0.783474 0.172214 0.035591 0.068937
0 0.931127 0.128928 0.050019 0.059318
0 0.615621 0.172214 0.028857 0.06573
0 0.507407 0.209888 0.035591 0.067334
0 0.178434 0.197865 0.027895 0.056111
