0 0.2628 0.399471 0.052752 0.066127
0 0.469931 0.404853 0.051201 0.055362
0 0.833768 0.404853 0.052752 0.06459
0 0.978061 0.342571 0.04034 0.059976
0 0.787997 0.337188 0.051201 0.046135
0 0.825234 0.223388 0.035685 0.04306
0 0.763948 0.169563 0.015515 0.033833
0 0.72516 0.290284 0.037237 0.047673
0 0.599485 0.290284 0.037237 0.041522
0 0.580091 0.231846 0.038789 0.044598
0 0.566903 0.159567 0.027928 0.03537
0 0.466828 0.228001 0.029479 0.036908
0 0.350462 0.337957 0.06051 0.0569
0 0.236424 0.229539 0.031031 0.036908
0 0.274437 0.21416 0.023273 0.036908
0 0.351238 0.211854 0.027928 0.03537
0 0.116955 0.228001 0.037237 0.036908
0 0.155744 0.334881 0.04034 0.063052
0 0.054894 0.408698 0.052752 0.063052
