1 0.238815 0.504336 0.10233 0.192871
1 0.454113 0.672149 0.109422 0.197427
1 0.691702 0.640257 0.142857 0.230838
1 0.87002 0.47624 0.078014 0.170091
1 0.812776 0.440552 0.048632 0.08049
1 0.979443 0.385879 0.033435 0.056191
1 0.894336 0.369933 0.047619 0.078971
1 0.80619 0.343357 0.033435 0.062266
1 0.732736 0.382083 0.040527 0.085046
1 0.590385 0.418531 0.045593 0.088083
1 0.66384 0.45346 0.079027 0.133643
1 0.508825 0.404863 0.048632 0.082008
1 0.526555 0.583307 0.057751 0.095676
1 0.412067 0.379045 0.027356 0.054672
1 0.405988 0.341838 0.029382 0.044041
1 0.365461 0.445108 0.043566 0.083527
1 0.335066 0.371452 0.035461 0.063784
1 0.204873 0.376008 0.036474 0.048598
1 0.167386 0.356265 0.032421 0.042523
1 0.096464 0.335004 0.042553 0.060747
1 0.054924 0.333485 0.026342 0.048598
1 0.107102 0.485352 0.057751 0.085046
1 0.063029 0.471684 0.042553 0.072896
1 0.012877 0.384361 0.017224 0.059228
1 0.172452 0.31602 0.02229 0.044041
1 0.216525 0.327411 0.021277 0.039485
1 0.272249 0.314502 0.015198 0.034929
1 0.240841 0.329689 0.023303 0.047079
1 0.299605 0.312224 0.021277 0.04556
1 0.338105 0.312983 0.017224 0.034929
1 0.470324 0.315261 0.030395 0.051635
1 0.495147 0.319817 0.01925 0.039485
1 0.56151 0.317539 0.020263 0.050116
1 0.597477 0.313742 0.021277 0.039485
1 0.612675 0.353228 0.037487 0.069859
1 0.651682 0.335004 0.020263 0.04556
1 0.685623 0.325133 0.021277 0.044041
1 0.973364 0.278813 0.025329 0.042523
1 0.915613 0.318298 0.029382 0.039485
