0 0.251381 0.404397 0.069055 0.112366
0 0.089928 0.348974 0.072946 0.113885
0 0.260621 0.201682 0.062247 0.092626
0 0.080202 0.176628 0.057384 0.072886
0 0.123969 0.058188 0.06322 0.07896
0 0.26597 0.071854 0.049603 0.091108
0 0.399704 0.059706 0.062247 0.075923
0 0.456602 0.173591 0.086562 0.130588
0 0.475568 0.377065 0.068083 0.130588
0 0.635563 0.256347 0.06322 0.116922
0 0.725529 0.438563 0.068083 0.119959
0 0.852941 0.231293 0.075864 0.103256
0 0.93999 0.061224 0.06711 0.088071
0 0.751303 0.118926 0.061275 0.097182
0 0.575261 0.10526 0.055439 0.069849
