0 0.049696 0.549002 0.080009 0.133091
0 0.077868 0.787961 0.080009 0.114943
0 0.401285 0.744102 0.084517 0.127042
0 0.308316 0.602692 0.08339 0.11948
0 0.297048 0.41591 0.069867 0.07562
0 0.273383 0.289625 0.047329 0.083182
0 0.048569 0.392468 0.075501 0.107381
0 0.08801 0.307774 0.057471 0.080157
0 0.070543 0.185269 0.065359 0.062008
0 0.091391 0.112674 0.057471 0.083182
0 0.20746 0.039322 0.048456 0.066546
0 0.249718 0.13536 0.038314 0.03781
0 0.39227 0.068814 0.048456 0.083182
0 0.428893 0.133848 0.042822 0.074108
0 0.464954 0.188294 0.063106 0.089232
0 0.542146 0.257864 0.055217 0.101331
0 0.560739 0.424229 0.090151 0.092257
0 0.622718 0.55127 0.069867 0.122505
0 0.764142 0.761494 0.082263 0.140653
0 0.917963 0.624622 0.087897 0.114943
0 0.824431 0.438596 0.063106 0.084694
0 0.720194 0.317604 0.052964 0.08167
0 0.663849 0.223079 0.055217 0.089232
0 0.617647 0.122505 0.05071 0.087719
0 0.58046 0.029492 0.034934 0.058984
0 0.730899 0.055203 0.03606 0.052934
0 0.794005 0.142922 0.054091 0.074108
0 0.853167 0.220811 0.059725 0.078645
0 0.949515 0.26467 0.058598 0.090744
0 0.972053 0.106624 0.047329 0.086207
0 0.893171 0.057471 0.045076 0.057471
