0 0.310272 0.541698 0.051119 0.109568
0 0.50896 0.481512 0.045332 0.091049
0 0.705237 0.413611 0.052083 0.109568
0 0.910677 0.462994 0.05787 0.097222
0 0.88126 0.256204 0.053048 0.075617
0 0.754427 0.321019 0.042438 0.097222
0 0.57744 0.352654 0.043403 0.083333
0 0.399971 0.392006 0.047261 0.097222
0 0.213339 0.348025 0.061728 0.092593
0 0.055642 0.553272 0.064622 0.126543
0 0.122193 0.1775 0.058835 0.087963
0 0.014651 0.3025 0.025077 0.103395
0 0.048409 0.312531 0.03858 0.070988
0 0.032494 0.07642 0.039545 0.061728
0 0.274103 0.102654 0.036651 0.067901
0 0.248544 0.200648 0.035687 0.072531
0 0.385986 0.141235 0.044367 0.083333
0 0.557668 0.09571 0.050154 0.084877
0 0.425048 0.158981 0.027971 0.066358
0 0.44048 0.056358 0.039545 0.064815
0 0.669068 0.266235 0.045332 0.052469
0 0.814709 0.090309 0.037616 0.046296
