0 0.057149 0.621675 0.0295 0.062531
0 0.206177 0.64379 0.054932 0.091508
0 0.240763 0.530167 0.048828 0.077782
0 0.355204 0.511866 0.047811 0.093033
0 0.299255 0.515678 0.041707 0.076257
0 0.268229 0.443235 0.038656 0.050329
0 0.230082 0.399768 0.049845 0.064056
0 0.174133 0.291484 0.043742 0.076257
0 0.252462 0.206839 0.0295 0.050329
0 0.221436 0.309785 0.032552 0.061005
0 0.305868 0.344863 0.04069 0.073206
0 0.344523 0.399768 0.038656 0.076257
0 0.028158 0.553044 0.018311 0.05948
0 0.043416 0.30216 0.032552 0.064056
0 0.510335 0.569821 0.04069 0.089983
0 0.698018 0.4806 0.045776 0.091508
0 0.58256 0.559145 0.042725 0.05948
0 0.440145 0.460774 0.034587 0.082357
0 0.572896 0.400531 0.041707 0.089983
0 0.716838 0.290721 0.044759 0.05643
0 0.766174 0.304447 0.039673 0.068631
0 0.861796 0.442472 0.041707 0.054905
0 0.913167 0.481363 0.042725 0.089983
0 0.855693 0.533217 0.060018 0.080832
0 0.883158 0.273945 0.037638 0.062531
