1 0.668282 0.673086 0.114796 0.219405
0 0.932419 0.464347 0.079719 0.121892
1 0.699639 0.451396 0.103104 0.181314
1 0.744281 0.431588 0.071216 0.169125
1 0.795833 0.321886 0.053146 0.111226
1 0.543389 0.487963 0.090349 0.166078
1 0.380761 0.370642 0.107355 0.147794
1 0.345153 0.609855 0.133929 0.214834
1 0.257993 0.572526 0.106293 0.188932
1 0.210162 0.402639 0.074405 0.141699
1 0.08952 0.438445 0.107355 0.188932
1 0.073044 0.225896 0.06165 0.138652
1 0.130974 0.241132 0.077594 0.120368
1 0.229826 0.302078 0.052083 0.086848
0 0.321769 0.276176 0.091412 0.169125
1 0.521067 0.270843 0.056335 0.11275
1 0.417432 0.311982 0.068027 0.143223
1 0.600255 0.330266 0.082908 0.14627
1 0.676254 0.222087 0.054209 0.091419
1 0.802211 0.121526 0.053146 0.091419
0 0.937734 0.146666 0.04358 0.092942
1 0.835162 0.179425 0.036139 0.070088
1 0.860672 0.222087 0.048895 0.097513
1 0.654464 0.130668 0.053146 0.07923
0 0.586437 0.19009 0.044643 0.091419
1 0.5402 0.182472 0.041454 0.082277
1 0.516284 0.146666 0.048895 0.086848
1 0.349405 0.06058 0.040391 0.07923
1 0.378635 0.098671 0.049957 0.076182
0 0.018835 0.151999 0.036139 0.088372
