0 0.122557 0.588301 0.029288 0.078969
0 0.056406 0.723458 0.046458 0.069857
0 0.180124 0.657398 0.027269 0.071375
0 0.124577 0.668028 0.029288 0.062264
0 0.27001 0.638415 0.033328 0.078969
0 0.316972 0.507813 0.028279 0.085043
0 0.331111 0.880636 0.042418 0.07745
0 0.243751 0.961882 0.031308 0.06682
0 0.051861 0.556409 0.027269 0.048596
0 0.013988 0.617154 0.020199 0.057708
0 0.032167 0.45618 0.032318 0.06682
0 0.121042 0.438716 0.028279 0.059226
0 0.180629 0.379489 0.022219 0.04404
0 0.041761 0.295206 0.021209 0.054671
0 0.034692 0.381008 0.025249 0.047077
0 0.110943 0.183587 0.034338 0.059226
0 0.029642 0.210163 0.021209 0.048596
0 0.240721 0.213959 0.027269 0.04404
0 0.332121 0.195736 0.026259 0.047077
0 0.328587 0.064375 0.023229 0.045559
0 0.398778 0.033243 0.024239 0.059226
0 0.468464 0.109933 0.026259 0.063782
0 0.485129 0.031724 0.027269 0.056189
0 0.583598 0.037039 0.026259 0.051633
0 0.629551 0.108415 0.027269 0.051633
0 0.612887 0.169919 0.024239 0.059226
0 0.65076 0.235979 0.035348 0.072894
0 0.491188 0.358229 0.017169 0.056189
0 0.625511 0.509332 0.029288 0.051633
0 0.709337 0.530593 0.029288 0.06682
0 0.530071 0.72118 0.026259 0.07745
0 0.444731 0.836596 0.043428 0.074413
0 0.413422 0.945937 0.033328 0.065301
0 0.498763 0.891266 0.038378 0.07745
0 0.527041 0.945178 0.030298 0.085043
0 0.565419 0.950493 0.038378 0.086562
0 0.581579 0.838114 0.034338 0.07745
0 0.613392 0.840392 0.033328 0.069857
0 0.660859 0.879117 0.039388 0.080487
0 0.671464 0.714346 0.038378 0.06682
0 0.704792 0.761424 0.050497 0.097192
0 0.779528 0.840392 0.048478 0.075931
0 0.837095 0.749275 0.046458 0.069857
0 0.842145 0.933029 0.040398 0.075931
0 0.806292 0.941381 0.029288 0.071375
0 0.908297 0.790278 0.035348 0.08808
0 0.985401 0.531451 0.025946 0.071573
0 0.895672 0.465292 0.026259 0.06682
0 0.791143 0.491868 0.029288 0.050115
0 0.797707 0.316466 0.042418 0.075931
0 0.855779 0.139547 0.027269 0.080487
