0 0.088155 0.470687 0.066121 0.105234
0 0.219889 0.406631 0.054932 0.105234
0 0.196493 0.663616 0.048828 0.082357
0 0.261088 0.720046 0.07019 0.11591
0 0.312459 0.877135 0.065104 0.094558
0 0.166484 0.923652 0.055949 0.102184
0 0.063232 0.669717 0.077311 0.100659
0 0.077983 0.276995 0.055949 0.096083
0 0.165466 0.166423 0.060018 0.091508
0 0.133931 0.077202 0.043742 0.074732
0 0.042887 0.164135 0.048828 0.05948
0 0.014404 0.375366 0.026449 0.103709
0 0.300252 0.069577 0.050863 0.083882
0 0.369934 0.203788 0.055949 0.083882
0 0.459961 0.379179 0.067139 0.093033
0 0.510315 0.803166 0.076294 0.093033
0 0.436056 0.924414 0.076294 0.11591
0 0.691895 0.761988 0.077311 0.086933
0 0.66036 0.925177 0.071208 0.089983
0 0.80837 0.904588 0.057983 0.125061
0 0.803284 0.686493 0.053914 0.10981
0 0.891785 0.777239 0.060018 0.074732
0 0.96757 0.870272 0.050863 0.111335
0 0.899414 0.634639 0.065104 0.094558
0 0.971639 0.458486 0.048828 0.102184
0 0.85262 0.381467 0.046794 0.085408
0 0.777852 0.462299 0.049845 0.094558
0 0.642049 0.170998 0.048828 0.088458
0 0.503194 0.249542 0.039673 0.062531
