0 0.232784 0.364799 0.077521 0.083753
0 0.393867 0.394494 0.10571 0.15837
0 0.501087 0.351856 0.086582 0.140097
0 0.632974 0.263534 0.058392 0.10355
0 0.819729 0.274193 0.057386 0.143142
0 0.887182 0.353378 0.077521 0.143142
0 0.690863 0.651845 0.079534 0.164461
0 0.465851 0.85666 0.092622 0.144665
0 0.347556 0.759201 0.057386 0.108118
0 0.217683 0.899298 0.087589 0.129437
0 0.094354 0.958687 0.088595 0.071571
0 0.034452 0.550579 0.067453 0.144665
0 0.088313 0.131051 0.076514 0.15837
0 0.387323 0.078515 0.086582 0.14771
0 0.841374 0.080799 0.086582 0.13096
0 0.980605 0.669631 0.036838 0.096484
0 0.960172 0.933561 0.064433 0.106595
