0 0.11767 0.387612 0.082948 0.114943
0 0.276331 0.318167 0.056906 0.100575
0 0.393519 0.274266 0.065586 0.098978
0 0.549286 0.541667 0.062693 0.119732
0 0.550733 0.319764 0.046296 0.103768
0 0.713252 0.247925 0.054977 0.090996
0 0.7663 0.231162 0.045332 0.095785
0 0.869985 0.253512 0.036651 0.105364
0 0.931713 0.552842 0.040509 0.100575
0 0.946663 0.265485 0.041474 0.110153
0 0.959684 0.135377 0.040509 0.057471
0 0.931713 0.069923 0.027006 0.057471
0 0.820312 0.142561 0.043403 0.090996
0 0.741705 0.113027 0.032793 0.076628
0 0.690104 0.086686 0.020255 0.08461
0 0.566165 0.093072 0.034722 0.046296
0 0.630787 0.034802 0.030864 0.047893
0 0.502508 0.059547 0.028935 0.068646
0 0.41522 0.117018 0.037616 0.075032
0 0.365066 0.030811 0.043403 0.055875
0 0.43451 0.022829 0.033758 0.043103
0 0.231964 0.073914 0.056906 0.087803
0 0.212191 0.250319 0.048225 0.086207
0 0.174093 0.168103 0.043403 0.075032
0 0.112365 0.078704 0.0299 0.116539
0 0.058835 0.079502 0.063657 0.11175
0 0.043403 0.239943 0.075231 0.132503
