0 0.486994 0.426441 0.099528 0.153509
0 0.31306 0.641823 0.060877 0.117481
0 0.191307 0.56037 0.051214 0.076754
0 0.128015 0.66532 0.069573 0.161341
0 0.039116 0.413127 0.042517 0.076754
0 0.073419 0.507895 0.03382 0.081454
0 0.01979 0.541573 0.034787 0.095551
0 0.706343 0.824311 0.060877 0.119048
0 0.835343 0.818045 0.063776 0.137845
0 0.929557 0.676284 0.045416 0.098684
0 0.848388 0.59953 0.029955 0.070489
0 0.805871 0.536873 0.037686 0.067356
0 0.724702 0.587782 0.041551 0.090852
0 0.651264 0.64104 0.049281 0.084586
0 0.796208 0.432707 0.037686 0.065789
0 0.892838 0.561153 0.045416 0.075188
0 0.717455 0.251786 0.027056 0.073622
0 0.656095 0.369267 0.024157 0.070489
0 0.870613 0.281548 0.045416 0.08302
