0 0.391955 0.48973 0.05312 0.130648
0 0.521856 0.708383 0.056017 0.146979
0 0.362498 0.878951 0.067607 0.110688
0 0.306481 0.693867 0.054085 0.085284
0 0.186237 0.264725 0.043461 0.116131
0 0.17175 0.107766 0.037667 0.085284
0 0.049575 0.225712 0.046359 0.114317
0 0.421412 0.34638 0.036701 0.11976
0 0.468737 0.172183 0.044427 0.11976
0 0.447972 0.485193 0.031872 0.117946
0 0.688941 0.481564 0.046359 0.136091
0 0.671557 0.830866 0.07147 0.170568
0 0.759446 0.768263 0.054085 0.154237
0 0.835745 0.525113 0.048291 0.088913
0 0.772001 0.399909 0.052154 0.136091
0 0.638236 0.212103 0.031872 0.083469
0 0.936189 0.898911 0.050222 0.165124
0 0.237425 0.924315 0.043461 0.110688
