1 0.10802 0.664061 0.07817 0.155309
1 0.261465 0.419754 0.055009 0.106448
1 0.355076 0.548888 0.060799 0.130879
1 0.462681 0.544525 0.063694 0.132624
1 0.563048 0.515732 0.054044 0.113428
1 0.607441 0.704197 0.081065 0.141349
1 0.673548 0.507006 0.043428 0.102958
1 0.70443 0.404049 0.039568 0.106448
1 0.583797 0.404921 0.043428 0.101213
1 0.477157 0.321159 0.032812 0.073292
1 0.51962 0.321159 0.042463 0.101213
1 0.617574 0.301963 0.031847 0.073292
1 0.682716 0.288003 0.032812 0.080272
1 0.766194 0.305453 0.033777 0.080272
1 0.82458 0.297601 0.030882 0.068057
1 0.847259 0.348207 0.033777 0.088997
1 0.892135 0.300218 0.021231 0.059332
1 0.915779 0.361295 0.035707 0.090743
1 0.947143 0.356932 0.032812 0.082017
1 0.933633 0.431969 0.036672 0.095978
1 0.945213 0.734735 0.082996 0.195445
1 0.309236 0.318541 0.030882 0.071547
1 0.30248 0.249612 0.036672 0.080272
1 0.407672 0.334247 0.030882 0.088997
1 0.413463 0.450292 0.048253 0.115173
1 0.377755 0.419754 0.050183 0.078527
1 0.380168 0.339482 0.033777 0.071547
1 0.145175 0.379618 0.048253 0.092488
1 0.232513 0.349952 0.033777 0.082017
1 0.172196 0.354315 0.034742 0.094233
1 0.089683 0.329884 0.037638 0.094233
1 0.055424 0.353442 0.057904 0.099468
1 0.078103 0.465125 0.055009 0.134369
0 0.188603 0.240014 0.028952 0.054097
1 0.207904 0.195515 0.017371 0.041881
1 0.286557 0.182427 0.026057 0.033156
1 0.158203 0.196388 0.020266 0.047116
1 0.152413 0.166722 0.016406 0.040136
1 0.129251 0.181555 0.014476 0.045371
1 0.050598 0.199005 0.015441 0.038391
1 0.03371 0.180682 0.018336 0.047116
1 0.447722 0.141419 0.016406 0.027921
1 0.502731 0.158869 0.020266 0.034901
1 0.556292 0.199878 0.021231 0.057587
1 0.63012 0.178065 0.020266 0.034901
1 0.689954 0.195515 0.020266 0.034901
1 0.674513 0.236524 0.024127 0.054097
1 0.611783 0.245249 0.024127 0.047116
1 0.553397 0.279278 0.027022 0.062822
1 0.525893 0.272297 0.029917 0.055842
1 0.725661 0.221691 0.018336 0.041881
1 0.806244 0.164104 0.019301 0.055842
1 0.851119 0.196388 0.026057 0.050606
1 0.859323 0.242632 0.027022 0.066312
1 0.935563 0.213838 0.023162 0.057587
1 0.922534 0.189408 0.020266 0.050606
1 0.972235 0.249612 0.023162 0.055842
1 0.987194 0.294983 0.018336 0.062822
1 0.995011 0.214196 0.006948 0.037361
