0 0.168074 0.812272 0.087176 0.125611
0 0.154029 0.591163 0.06296 0.103242
0 0.052325 0.73226 0.082332 0.106683
0 0.037311 0.558469 0.05618 0.058504
0 0.078962 0.46125 0.044556 0.056783
0 0.107536 0.36145 0.049399 0.084314
0 0.035858 0.352846 0.053274 0.070549
0 0.065885 0.193682 0.041651 0.058504
0 0.210209 0.210028 0.041651 0.0499
0 0.211662 0.398444 0.038745 0.089476
0 0.169527 0.428557 0.041651 0.063666
0 0.259609 0.571374 0.053274 0.080873
0 0.30804 0.764093 0.080395 0.101521
0 0.602499 0.546424 0.049399 0.0998
0 0.53857 0.636761 0.039713 0.104962
0 0.505153 0.457809 0.050368 0.101521
0 0.602015 0.3864 0.03487 0.065386
0 0.561333 0.284018 0.042619 0.067107
0 0.477063 0.243582 0.038745 0.068828
0 0.452848 0.377796 0.032933 0.082593
0 0.371 0.349405 0.047462 0.07399
0 0.398605 0.232397 0.027121 0.067107
0 0.527916 0.222073 0.02809 0.056783
0 0.596203 0.191101 0.032933 0.036135
0 0.886788 0.153245 0.036807 0.070549
0 0.960403 0.255627 0.042619 0.058504
0 0.932313 0.364891 0.048431 0.07399
0 0.983514 0.431 0.030725 0.096084
0 0.939093 0.526636 0.040682 0.080873
0 0.861604 0.628157 0.046494 0.115287
0 0.98303 0.659956 0.031693 0.065318
