0 0.224913 0.586626 0.073302 0.137174
0 0.328115 0.439163 0.073302 0.137174
0 0.582745 0.353429 0.059799 0.15775
0 0.428906 0.530898 0.051119 0.13203
0 0.05082 0.586626 0.070409 0.130316
0 0.208517 0.252263 0.071373 0.133745
0 0.335831 0.207682 0.055941 0.116598
0 0.505102 0.265981 0.053048 0.10631
0 0.554774 0.122805 0.044367 0.087449
0 0.761661 0.086797 0.056906 0.094307
0 0.778057 0.420302 0.051119 0.116598
0 0.755392 0.7238 0.044367 0.130316
0 0.967101 0.728086 0.031829 0.13546
0 0.902479 0.615775 0.070409 0.140604
0 0.848949 0.319993 0.054012 0.13203
0 0.92418 0.183676 0.055941 0.123457
0 0.060465 0.223114 0.04919 0.10631
0 0.109655 0.128807 0.056906 0.113169
0 0.164632 0.060219 0.045332 0.089163
0 0.033941 0.841255 0.052083 0.162894
