0 0.447376 0.480116 0.11086 0.166973
0 0.674186 0.6356 0.080317 0.153186
0 0.907217 0.410417 0.089367 0.110294
0 0.738665 0.401225 0.084842 0.110294
0 0.625543 0.389737 0.057692 0.093444
0 0.331991 0.322335 0.074661 0.105699
0 0.221697 0.420374 0.062217 0.127145
0 0.183801 0.241912 0.065611 0.094975
0 0.031086 0.407353 0.058824 0.162377
0 0.133462 0.251869 0.030543 0.068934
0 0.402127 0.326164 0.040724 0.082721
0 0.537873 0.301654 0.045249 0.101103
0 0.759593 0.252635 0.045249 0.079657
0 0.948507 0.271783 0.058824 0.117953
0 0.820113 0.329994 0.06448 0.099571
