0 0.230889 0.490667 0.068687 0.119697
0 0.333919 0.613394 0.082828 0.156061
0 0.295535 0.896727 0.060606 0.125758
0 0.14503 0.883848 0.072727 0.142424
0 0.036444 0.72097 0.067677 0.128788
0 0.129374 0.468697 0.049495 0.118182
0 0.29503 0.320212 0.059596 0.133333
0 0.097556 0.129303 0.040404 0.118182
0 0.497051 0.111121 0.061616 0.090909
0 0.713717 0.079303 0.058586 0.112121
0 0.674828 0.231576 0.071717 0.14697
0 0.720283 0.516424 0.059596 0.089394
0 0.687455 0.622485 0.044444 0.128788
0 0.500081 0.526273 0.059596 0.121212
0 0.73998 0.85203 0.072727 0.136364
0 0.874323 0.624 0.060606 0.122727
0 0.958667 0.399758 0.061616 0.134848
0 0.971798 0.249758 0.029293 0.110606
0 0.851091 0.366424 0.032323 0.119697
