0 0.120017 0.505647 0.048585 0.075905
0 0.062393 0.385718 0.050845 0.06376
0 0.036405 0.298427 0.053105 0.05617
0 0.058438 0.202028 0.045196 0.057688
0 0.159563 0.209619 0.037286 0.06376
0 0.218318 0.406212 0.048585 0.065278
0 0.241481 0.25668 0.056495 0.072869
0 0.221707 0.12916 0.048585 0.057688
0 0.164083 0.125364 0.039546 0.050097
0 0.351645 0.377368 0.057625 0.07135
0 0.499096 0.245294 0.056495 0.074387
0 0.570844 0.096521 0.050845 0.062242
0 0.608131 0.289319 0.050845 0.05617
0 0.642027 0.378886 0.048585 0.068314
0 0.639203 0.491984 0.049715 0.072869
0 0.695132 0.283246 0.048585 0.065278
0 0.648242 0.149654 0.018078 0.062242
0 0.845973 0.07299 0.042936 0.060724
0 0.894558 0.195956 0.047455 0.060724
0 0.953313 0.313608 0.049715 0.062242
0 0.98608 0.262752 0.022598 0.072869
0 0.98269 0.088171 0.022598 0.057688
0 0.87535 0.532973 0.049715 0.08805
0 0.497401 0.540564 0.044066 0.066796
