0 0.097517 0.456979 0.044444 0.095154
0 0.098966 0.615265 0.037681 0.086005
0 0.027469 0.834852 0.045411 0.075026
0 0.173845 0.825703 0.042512 0.089665
0 0.295101 0.834852 0.039614 0.067706
0 0.290271 0.973924 0.037681 0.045747
0 0.145343 0.96203 0.033816 0.069536
0 0.300899 0.647288 0.045411 0.098814
0 0.296551 0.376464 0.042512 0.095154
0 0.221188 0.510046 0.030918 0.076856
0 0.130367 0.247456 0.04058 0.086005
0 0.056937 0.139493 0.046377 0.086005
0 0.176261 0.142238 0.028019 0.091495
0 0.279643 0.176091 0.039614 0.089665
0 0.329401 0.123024 0.04058 0.089665
0 0.468048 0.35542 0.028019 0.093325
0 0.400899 0.504556 0.025121 0.091495
0 0.470464 0.631734 0.050242 0.100644
0 0.452106 0.822043 0.048309 0.071366
0 0.440995 0.95105 0.06087 0.076856
0 0.578676 0.961115 0.050242 0.067706
0 0.601382 0.674736 0.039614 0.087835
0 0.626502 0.421296 0.041546 0.089665
0 0.668531 0.209944 0.042512 0.091495
0 0.489787 0.064467 0.044444 0.096984
0 0.445826 0.240137 0.041546 0.038428
0 0.723604 0.404827 0.042512 0.078685
0 0.758386 0.5256 0.046377 0.067706
0 0.752106 0.649118 0.037681 0.080515
0 0.772396 0.768061 0.043478 0.102474
0 0.841961 0.941901 0.041546 0.080515
0 0.928918 0.811978 0.037681 0.076856
0 0.951623 0.940071 0.04058 0.091495
0 0.909111 0.675651 0.036715 0.086005
0 0.940995 0.543899 0.042512 0.078685
0 0.926502 0.379209 0.042512 0.086005
0 0.965633 0.2685 0.041546 0.076856
0 0.822638 0.246542 0.029952 0.080515
