0 0.31389 0.427018 0.081136 0.164204
0 0.382952 0.756535 0.095624 0.219678
0 0.150169 0.789819 0.085965 0.19305
0 0.024119 0.391515 0.040568 0.177517
0 0.16997 0.116363 0.079204 0.190831
0 0.383435 0.084188 0.054091 0.139795
0 0.455878 0.109706 0.071477 0.208583
0 0.49548 0.479164 0.088863 0.232992
0 0.64278 0.349354 0.091761 0.204145
0 0.55497 0.937592 0.086139 0.115808
0 0.794427 0.949585 0.068579 0.090978
0 0.829682 0.621178 0.09659 0.210802
0 0.934966 0.411485 0.088863 0.190831
0 0.952352 0.064217 0.071477 0.126481
