0 0.159831 0.416515 0.065746 0.158945
0 0.097952 0.350419 0.038674 0.092849
0 0.045259 0.377172 0.053177 0.102291
0 0.026888 0.24498 0.043509 0.077112
0 0.562527 0.391335 0.058978 0.130618
0 0.670331 0.263864 0.040608 0.077112
0 0.83663 0.372451 0.059945 0.099144
0 0.933316 0.294552 0.06768 0.125897
0 0.852583 0.176523 0.028039 0.040917
0 0.916396 0.170229 0.024171 0.025179
0 0.556242 0.267799 0.040608 0.053506
0 0.468742 0.30242 0.043509 0.050359
0 0.117773 0.163147 0.024171 0.04249
0 0.147262 0.130099 0.023205 0.048785
