0 0.184631 0.828936 0.091553 0.093352
0 0.428009 0.897037 0.086975 0.094882
0 0.605011 0.757009 0.086975 0.096413
0 0.823212 0.869491 0.071716 0.079579
0 0.943756 0.750888 0.071716 0.08417
0 0.917053 0.506795 0.091553 0.0857
0 0.966644 0.412678 0.056458 0.071927
0 0.9552 0.216026 0.061035 0.08264
0 0.946045 0.058399 0.05188 0.064275
0 0.8255 0.054573 0.057983 0.074988
0 0.758362 0.175471 0.054932 0.059684
0 0.782776 0.283362 0.067139 0.073457
0 0.669861 0.50756 0.079346 0.08417
0 0.515747 0.553471 0.076294 0.081109
0 0.357056 0.607034 0.073242 0.096413
0 0.125122 0.610859 0.091553 0.091822
0 0.245667 0.417269 0.094604 0.108656
0 0.444794 0.268058 0.062561 0.079579
0 0.597382 0.186184 0.062561 0.068866
0 0.569153 0.095127 0.061035 0.076518
0 0.476837 0.16935 0.065613 0.078048
0 0.34256 0.084415 0.062561 0.067336
0 0.274658 0.188479 0.057983 0.073457
0 0.055695 0.183888 0.04425 0.045911
0 0.074768 0.272649 0.094604 0.107125
0 0.196075 0.073702 0.050354 0.101004
0 0.052643 0.035443 0.047302 0.058154
