0 0.240255 0.411538 0.033569 0.051893
0 0.152771 0.416117 0.027466 0.042735
0 0.049011 0.418407 0.0295 0.047314
0 0.069356 0.355067 0.027466 0.042735
0 0.101908 0.28486 0.0295 0.039683
0 0.129374 0.220757 0.035604 0.045788
0 0.17922 0.294017 0.037638 0.057998
0 0.21991 0.234493 0.031535 0.04884
0 0.269755 0.277228 0.0295 0.04884
0 0.242798 0.350488 0.028483 0.03663
0 0.056641 0.236783 0.026449 0.038156
0 0.019511 0.231441 0.025431 0.03663
0 0.306885 0.219994 0.028483 0.041209
0 0.394368 0.238309 0.034587 0.056471
0 0.35317 0.277991 0.033569 0.059524
0 0.334351 0.345147 0.02238 0.050366
0 0.4493 0.27036 0.026449 0.053419
0 0.49762 0.245177 0.033569 0.057998
0 0.505758 0.354304 0.0295 0.050366
0 0.523051 0.451221 0.025431 0.042735
0 0.575439 0.365751 0.026449 0.04884
0 0.546448 0.276465 0.031535 0.041209
0 0.592733 0.216941 0.036621 0.059524
0 0.626302 0.28257 0.034587 0.059524
0 0.667501 0.364988 0.0295 0.050366
0 0.619181 0.426801 0.032552 0.04884
0 0.716329 0.452747 0.043742 0.054945
0 0.759562 0.38025 0.030518 0.050366
0 0.815511 0.435195 0.028483 0.050366
0 0.847555 0.378724 0.025431 0.038156
0 0.828735 0.287149 0.032552 0.059524
0 0.774821 0.308516 0.026449 0.047314
0 0.699544 0.234493 0.030518 0.04884
0 0.799235 0.254335 0.024414 0.03663
0 0.892822 0.239835 0.024414 0.050366
0 0.951823 0.421459 0.026449 0.059524
0 0.920797 0.500061 0.0295 0.045788
0 0.965047 0.228388 0.028483 0.051893
0 0.907572 0.132998 0.013224 0.038156
0 0.970133 0.117735 0.020345 0.038156
0 0.857727 0.181074 0.015259 0.045788
0 0.81958 0.205495 0.028483 0.042735
