0 0.1014 0.833272 0.056966 0.067254
0 0.036296 0.686537 0.052897 0.067254
0 0.149719 0.625397 0.043742 0.048912
0 0.207703 0.633804 0.021362 0.047383
0 0.270264 0.558144 0.02238 0.048912
0 0.244832 0.746912 0.032552 0.05044
0 0.2901 0.867663 0.053914 0.102409
0 0.448283 0.842443 0.04069 0.070311
0 0.488973 0.767547 0.026449 0.055026
0 0.503215 0.973129 0.077311 0.047383
0 0.501689 0.610877 0.033569 0.056554
0 0.488464 0.524517 0.025431 0.033627
0 0.587138 0.512289 0.021362 0.033627
0 0.565267 0.62769 0.030518 0.041269
0 0.579 0.706407 0.039673 0.06114
0 0.566793 0.90129 0.037638 0.093238
0 0.70107 0.733156 0.041707 0.041269
0 0.750916 0.614698 0.021362 0.051969
0 0.855184 0.530631 0.028483 0.027513
0 0.731588 0.948673 0.045776 0.059611
0 0.895365 0.957844 0.049845 0.068782
0 0.95284 0.828687 0.04069 0.085596
0 0.981832 0.740798 0.0295 0.074896
0 0.90096 0.721692 0.04069 0.045855
0 0.919271 0.607056 0.024414 0.042798
0 0.35673 0.544387 0.018311 0.03057
0 0.442688 0.610112 0.025431 0.039741
0 0.280945 0.692651 0.0295 0.051969
0 0.329773 0.636861 0.023397 0.041269
0 0.625285 0.565786 0.014242 0.024456
0 0.919779 0.533688 0.019328 0.036684
0 0.131409 0.413701 0.017293 0.029041
0 0.178202 0.523753 0.019328 0.01987
0 0.239237 0.49089 0.019328 0.024456
