0 0.49278 0.653834 0.034749 0.075552
0 0.384189 0.729386 0.022201 0.054947
0 0.229266 0.714791 0.027027 0.056664
0 0.16749 0.707923 0.028958 0.046361
0 0.163629 0.586868 0.030888 0.051513
0 0.202722 0.561111 0.024131 0.051513
0 0.274633 0.584292 0.030888 0.046361
0 0.307452 0.534496 0.025097 0.046361
0 0.251467 0.499296 0.025097 0.051513
0 0.339305 0.495003 0.023166 0.046361
0 0.373571 0.425461 0.026062 0.044644
0 0.425695 0.452935 0.031853 0.058381
0 0.481197 0.433188 0.030888 0.060098
0 0.523668 0.411724 0.032819 0.054947
0 0.561795 0.434905 0.027992 0.05323
0 0.58834 0.490711 0.028958 0.058381
0 0.622606 0.428895 0.026062 0.061815
0 0.632741 0.56798 0.032819 0.058381
0 0.672799 0.553384 0.024131 0.060098
0 0.50195 0.558536 0.024131 0.05323
0 0.474923 0.562828 0.027992 0.048079
0 0.398668 0.585151 0.026062 0.054947
0 0.681969 0.385968 0.021236 0.044644
0 0.719614 0.474398 0.025097 0.046361
0 0.726853 0.596312 0.026062 0.049796
0 0.703205 0.560253 0.017375 0.046361
0 0.821931 0.535355 0.025097 0.058381
0 0.714788 0.672722 0.028958 0.065249
0 0.596544 0.669288 0.029923 0.051513
0 0.841236 0.616917 0.027027 0.066967
0 0.917973 0.670147 0.031853 0.056664
0 0.932934 0.573989 0.027027 0.049796
0 0.985541 0.538789 0.024131 0.054947
0 0.922799 0.453793 0.024131 0.046361
0 0.879363 0.517325 0.029923 0.049796
0 0.951757 0.404856 0.024131 0.048079
0 0.987471 0.236581 0.01834 0.061815
0 0.936795 0.252035 0.027027 0.044644
0 0.816139 0.31385 0.027027 0.048079
0 0.8089 0.463237 0.031853 0.058381
0 0.782355 0.457227 0.025097 0.060098
0 0.777529 0.370514 0.028958 0.048079
0 0.838822 0.234864 0.026062 0.054947
0 0.885637 0.217693 0.025097 0.058381
0 0.927625 0.080326 0.024131 0.051513
0 0.809382 0.105223 0.023166 0.05323
0 0.865849 0.125828 0.029923 0.039493
0 0.708031 0.265771 0.025097 0.051513
0 0.722992 0.218551 0.022201 0.05323
0 0.75195 0.131838 0.022201 0.044644
0 0.620676 0.113809 0.024131 0.060098
0 0.655425 0.212542 0.024131 0.048079
0 0.648668 0.319001 0.033784 0.054947
0 0.596062 0.235722 0.023166 0.042927
0 0.547317 0.30183 0.031853 0.037776
0 0.558417 0.123253 0.021236 0.048079
0 0.573378 0.250318 0.02027 0.044644
0 0.579653 0.097496 0.015444 0.044644
0 0.563726 0.051994 0.01834 0.032625
0 0.519324 0.047701 0.026062 0.04121
0 0.488919 0.090628 0.027027 0.04121
0 0.46527 0.180775 0.031853 0.060098
0 0.443069 0.082043 0.033784 0.048079
0 0.414595 0.270064 0.030888 0.05323
0 0.38805 0.18421 0.041506 0.046361
0 0.357162 0.081184 0.029923 0.046361
0 0.410734 0.031388 0.03668 0.049796
0 0.33834 0.366221 0.027027 0.05323
0 0.300212 0.388544 0.031853 0.066967
0 0.274633 0.227137 0.025097 0.05323
0 0.336892 0.205673 0.024131 0.037776
0 0.284768 0.069164 0.022201 0.039493
0 0.245193 0.141282 0.031853 0.060098
0 0.226371 0.190219 0.03668 0.034342
0 0.233127 0.324153 0.030888 0.061815
0 0.185347 0.378241 0.024131 0.060098
0 0.13612 0.484701 0.024131 0.060098
0 0.093649 0.549092 0.031853 0.054947
0 0.071448 0.670147 0.035714 0.060098
0 0.010637 0.660703 0.016409 0.058381
0 0.083514 0.444349 0.027027 0.044644
0 0.124054 0.346475 0.023166 0.061815
0 0.183417 0.274357 0.027992 0.044644
0 0.155425 0.165322 0.026062 0.060098
0 0.187761 0.076033 0.028958 0.046361
0 0.145772 0.051994 0.027992 0.049796
0 0.110058 0.090628 0.029923 0.058381
0 0.107162 0.205673 0.027992 0.061815
0 0.073378 0.142999 0.022201 0.056664
0 0.066622 0.021944 0.029923 0.037776
0 0.041042 0.26663 0.023166 0.05323
0 0.082066 0.371373 0.024131 0.042927
