0 0.218943 0.815535 0.054012 0.094307
0 0.104649 0.928704 0.054977 0.090878
0 0.119599 0.639781 0.044367 0.099451
0 0.156732 0.501749 0.047261 0.08059
0 0.20544 0.341427 0.03858 0.058299
0 0.25463 0.415158 0.032793 0.061728
0 0.333719 0.524897 0.054012 0.096022
0 0.32745 0.638923 0.037616 0.08059
0 0.392072 0.803532 0.062693 0.118313
0 0.137924 0.322565 0.017361 0.05144
0 0.1413 0.177675 0.024113 0.056584
0 0.312982 0.2857 0.024113 0.066872
0 0.353974 0.393724 0.032793 0.070302
0 0.44946 0.578052 0.03858 0.075446
0 0.503472 0.434877 0.036651 0.08059
0 0.380498 0.26941 0.020255 0.041152
0 0.495756 0.289986 0.030864 0.05144
0 0.583044 0.254835 0.026042 0.049726
0 0.698302 0.284842 0.028935 0.061728
0 0.663098 0.242833 0.024113 0.049726
0 0.64863 0.368004 0.018326 0.046296
0 0.604263 0.36286 0.0299 0.049726
0 0.681906 0.484602 0.034722 0.066872
0 0.760031 0.663786 0.044367 0.089163
0 0.74267 0.792387 0.040509 0.120027
0 0.686728 0.92013 0.059799 0.111454
0 0.646701 0.620062 0.041474 0.073731
0 0.897955 0.825823 0.054012 0.121742
0 0.953414 0.833539 0.041474 0.116598
0 0.884452 0.518038 0.032793 0.068587
0 0.938465 0.492318 0.03858 0.075446
0 0.842978 0.530041 0.025077 0.072016
0 0.980421 0.366289 0.0299 0.049726
0 0.9076 0.373148 0.021219 0.060014
0 0.842014 0.328567 0.01929 0.070302
0 0.735918 0.369719 0.027006 0.060014
0 0.881559 0.251406 0.028935 0.046296
0 0.928337 0.239403 0.020255 0.049726
0 0.456211 0.198251 0.023148 0.039438
0 0.488522 0.151097 0.020255 0.05144
0 0.561343 0.18882 0.028935 0.044582
0 0.236786 0.225686 0.022184 0.049726
