0 0.408951 0.727662 0.096451 0.202546
0 0.594136 0.63314 0.073302 0.19483
0 0.719522 0.717052 0.090664 0.204475
0 0.880594 0.556944 0.067515 0.173611
0 0.97608 0.436381 0.042438 0.133102
0 0.91821 0.392014 0.052083 0.11767
0 0.880112 0.324498 0.037616 0.07909
0 0.789448 0.263735 0.033758 0.073302
0 0.73206 0.279167 0.046296 0.100309
0 0.519869 0.426736 0.048225 0.121528
0 0.498167 0.305208 0.060764 0.059799
0 0.569541 0.327392 0.045332 0.065586
0 0.567612 0.210687 0.047261 0.063657
0 0.293692 0.366937 0.070409 0.125386
0 0.333237 0.592631 0.058835 0.167824
0 0.118634 0.522222 0.071373 0.181327
0 0.437886 0.336073 0.046296 0.09838
