0 0.355307 0.487536 0.080943 0.148892
0 0.738504 0.593449 0.08709 0.136612
0 0.847111 0.55661 0.048156 0.108983
0 0.957766 0.419998 0.035861 0.090563
0 0.806127 0.44072 0.052254 0.079818
0 0.778975 0.350924 0.038934 0.041444
0 0.83584 0.343249 0.027664 0.053724
0 0.62375 0.372414 0.050205 0.062934
0 0.604283 0.450697 0.03791 0.069073
0 0.506947 0.395438 0.046107 0.078283
0 0.194959 0.435347 0.034836 0.081353
0 0.256947 0.486769 0.048156 0.085958
0 0.122725 0.661755 0.091189 0.101308
0 0.03666 0.532818 0.039959 0.098238
0 0.019754 0.414625 0.036885 0.089028
0 0.142193 0.356296 0.015369 0.058329
0 0.254898 0.343249 0.033811 0.066004
