0 0.316979 0.443771 0.03367 0.063662
0 0.388648 0.458095 0.032708 0.057296
0 0.459355 0.449341 0.03367 0.052521
0 0.52381 0.460482 0.03367 0.052521
0 0.60077 0.470827 0.037518 0.047746
0 0.663781 0.446954 0.026936 0.060479
0 0.737374 0.462073 0.020202 0.06207
0 0.818663 0.474806 0.02886 0.058887
0 0.876864 0.393637 0.027898 0.065253
0 0.934103 0.341116 0.02886 0.055704
0 0.902838 0.231299 0.025974 0.039789
0 0.822992 0.170025 0.029822 0.044563
0 0.830688 0.298144 0.027898 0.046155
0 0.825397 0.372947 0.032708 0.058887
0 0.736893 0.387271 0.040404 0.042972
0 0.752285 0.264722 0.021164 0.049338
0 0.760462 0.123074 0.027898 0.046155
0 0.817701 0.098405 0.030784 0.04138
0 0.729197 0.209018 0.02886 0.049338
0 0.708995 0.290982 0.034632 0.054113
0 0.651275 0.372151 0.030784 0.057296
0 0.605099 0.297348 0.025012 0.057296
0 0.654642 0.232095 0.020202 0.060479
0 0.670996 0.15968 0.029822 0.046155
0 0.603656 0.115912 0.022126 0.035014
0 0.571429 0.234482 0.02886 0.052521
0 0.563733 0.358623 0.032708 0.058887
0 0.520443 0.306102 0.030784 0.055704
0 0.532949 0.177983 0.034632 0.057296
0 0.563733 0.10875 0.025012 0.049338
0 0.513709 0.115117 0.032708 0.046155
0 0.468975 0.228116 0.037518 0.06207
0 0.458874 0.36101 0.030784 0.050929
0 0.422799 0.275863 0.03367 0.055704
0 0.424242 0.137398 0.034632 0.046155
0 0.354978 0.217771 0.030784 0.047746
0 0.381914 0.365785 0.034632 0.054113
0 0.314093 0.303715 0.025974 0.047746
0 0.333333 0.1183 0.039442 0.046155
0 0.25493 0.212997 0.040404 0.057296
0 0.247234 0.122278 0.030784 0.057296
0 0.278499 0.368968 0.035594 0.060479
0 0.232323 0.433426 0.035594 0.065253
0 0.192881 0.364989 0.027898 0.052521
0 0.171236 0.435017 0.044252 0.068436
0 0.094757 0.443771 0.035594 0.057296
0 0.162578 0.226525 0.026936 0.06207
0 0.151034 0.120687 0.034632 0.047746
0 0.065416 0.205835 0.034632 0.042972
0 0.067821 0.337137 0.020202 0.060479
