1 0.493229 0.253978 0.07909 0.188615
1 0.651408 0.30799 0.036651 0.111454
1 0.717477 0.334568 0.047261 0.120027
1 0.907967 0.334568 0.052083 0.137174
1 0.835629 0.356001 0.061728 0.111454
1 0.334568 0.317421 0.045332 0.140604
1 0.419927 0.253978 0.036651 0.102881
1 0.393885 0.21797 0.030864 0.072016
1 0.290683 0.309705 0.052083 0.101166
1 0.161439 0.295988 0.075231 0.183471
1 0.066917 0.32085 0.05787 0.130316
1 0.311902 0.200823 0.03858 0.075446
1 0.346624 0.162243 0.021219 0.063443
1 0.378453 0.123663 0.025077 0.061728
1 0.613792 0.187963 0.03858 0.084019
1 0.546759 0.265981 0.033758 0.089163
1 0.770525 0.271982 0.024113 0.070302
