0 0.184082 0.370117 0.036133 0.07487
0 0.140625 0.586589 0.042969 0.08138
0 0.253418 0.611816 0.053711 0.086263
0 0.227051 0.858398 0.045898 0.091146
0 0.094238 0.841309 0.051758 0.073242
0 0.035156 0.484863 0.03125 0.060221
0 0.047852 0.316406 0.048828 0.084635
0 0.09375 0.197591 0.037109 0.061849
0 0.129395 0.147949 0.02832 0.047201
0 0.151367 0.261068 0.037109 0.055339
0 0.19043 0.217122 0.033203 0.061849
0 0.010742 0.153646 0.021484 0.055339
0 0.227539 0.072266 0.03125 0.061849
0 0.178223 0.052734 0.032227 0.045573
0 0.274902 0.226074 0.043945 0.063477
0 0.293457 0.401042 0.043945 0.055339
0 0.324219 0.331055 0.029297 0.052083
0 0.382324 0.232585 0.032227 0.066732
0 0.350098 0.130046 0.030273 0.066732
0 0.359863 0.027507 0.030273 0.047201
0 0.286133 0.0625 0.029297 0.055339
0 0.342285 0.781901 0.045898 0.071615
0 0.469238 0.830729 0.053711 0.078125
0 0.468262 0.597982 0.041992 0.07487
0 0.387695 0.461263 0.039062 0.084635
0 0.444824 0.390462 0.041992 0.069987
0 0.448242 0.274089 0.035156 0.068359
0 0.44873 0.139811 0.030273 0.066732
0 0.481934 0.080404 0.026367 0.048828
0 0.446777 0.052734 0.022461 0.048828
0 0.564941 0.125977 0.03418 0.068359
0 0.600098 0.09668 0.020508 0.052083
0 0.679688 0.095866 0.027344 0.066732
0 0.796875 0.106445 0.033203 0.055339
0 0.757812 0.02832 0.027344 0.055339
0 0.769043 0.21875 0.036133 0.061849
0 0.697754 0.275716 0.038086 0.061849
0 0.65625 0.204102 0.03125 0.058594
0 0.606934 0.256185 0.03418 0.052083
0 0.588379 0.344076 0.041992 0.068359
0 0.526855 0.248861 0.03418 0.053711
0 0.510742 0.480794 0.041016 0.07487
0 0.621094 0.61263 0.044922 0.065104
0 0.636719 0.765625 0.042969 0.091146
0 0.791504 0.938965 0.047852 0.079753
0 0.896973 0.773763 0.049805 0.100911
0 0.988086 0.549154 0.023047 0.08138
0 0.803223 0.602051 0.049805 0.089518
0 0.789551 0.475098 0.032227 0.053711
0 0.872559 0.39209 0.041992 0.079753
0 0.914551 0.230143 0.047852 0.078125
0 0.983398 0.156087 0.021484 0.063477
0 0.964844 0.090983 0.033203 0.053711
0 0.90332 0.12028 0.023438 0.04069
0 0.842285 0.115397 0.030273 0.043945
0 0.809082 0.278158 0.036133 0.056966
0 0.832031 0.034017 0.029297 0.04069
