0 0.028337 0.727656 0.031915 0.063158
0 0.203868 0.876938 0.030948 0.040191
0 0.268182 0.8511 0.029981 0.045933
0 0.355706 0.882679 0.027079 0.055502
0 0.398743 0.80134 0.024178 0.061244
0 0.50029 0.858756 0.028046 0.061244
0 0.238685 0.563062 0.027079 0.047847
0 0.180174 0.54201 0.026112 0.05933
0 0.133752 0.614737 0.037718 0.066986
0 0.172437 0.44823 0.026112 0.055502
0 0.145358 0.390813 0.022244 0.044019
0 0.244004 0.371675 0.026112 0.051675
0 0.218375 0.441531 0.019342 0.038278
0 0.190329 0.290335 0.023211 0.049761
0 0.252708 0.23866 0.024178 0.042105
0 0.284139 0.328612 0.025145 0.045933
0 0.289458 0.414737 0.018375 0.045933
0 0.284139 0.513301 0.025145 0.051675
0 0.331528 0.545837 0.027079 0.055502
0 0.403578 0.454928 0.024178 0.057416
0 0.336364 0.406124 0.029014 0.055502
0 0.341199 0.326699 0.017408 0.038278
0 0.348936 0.217608 0.025145 0.042105
0 0.395358 0.134354 0.023211 0.044019
0 0.391489 0.26067 0.023211 0.044019
0 0.386654 0.347751 0.029014 0.0689
0 0.428723 0.326699 0.018375 0.057416
0 0.447099 0.270239 0.024178 0.051675
0 0.435977 0.19177 0.019342 0.040191
0 0.472244 0.178373 0.028046 0.051675
0 0.502708 0.111388 0.017408 0.040191
0 0.508027 0.236746 0.020309 0.045933
0 0.50706 0.358278 0.020309 0.036364
0 0.453385 0.36689 0.027079 0.053589
0 0.483849 0.478852 0.029981 0.055502
0 0.459671 0.593684 0.028046 0.051675
0 0.528337 0.586986 0.026112 0.057416
0 0.524952 0.454928 0.023211 0.049761
0 0.552515 0.324785 0.026112 0.057416
0 0.527369 0.325742 0.022244 0.040191
0 0.593617 0.306603 0.019342 0.036364
0 0.565087 0.488421 0.028046 0.044019
0 0.581528 0.592727 0.029981 0.057416
0 0.62118 0.524785 0.024178 0.05933
0 0.645358 0.640574 0.029981 0.053589
0 0.667602 0.880766 0.026112 0.044019
0 0.703385 0.602297 0.026112 0.061244
0 0.67824 0.518086 0.022244 0.053589
0 0.704352 0.470239 0.020309 0.053589
0 0.702418 0.396555 0.020309 0.047847
0 0.641006 0.370718 0.034816 0.065072
0 0.605706 0.427177 0.020309 0.047847
0 0.637621 0.180287 0.020309 0.044019
0 0.582012 0.164976 0.015474 0.040191
0 0.591683 0.105646 0.019342 0.040191
0 0.654545 0.113301 0.025145 0.047847
0 0.687911 0.173589 0.020309 0.049761
0 0.678723 0.271196 0.027079 0.053589
0 0.733849 0.280766 0.021277 0.045933
0 0.75706 0.517129 0.029014 0.047847
0 0.79381 0.619522 0.034816 0.0689
0 0.859574 0.666411 0.030948 0.063158
0 0.929207 0.578373 0.025145 0.05933
0 0.952901 0.466411 0.016441 0.049761
0 0.974178 0.294163 0.016441 0.038278
0 0.965957 0.175502 0.021277 0.042105
0 0.809768 0.423349 0.028046 0.044019
0 0.871663 0.446316 0.024178 0.063158
0 0.84265 0.527656 0.026112 0.061244
0 0.909381 0.334354 0.026112 0.03445
0 0.900677 0.181244 0.014507 0.042105
0 0.934043 0.116172 0.021277 0.042105
0 0.882302 0.108517 0.022244 0.03445
0 0.84265 0.164976 0.018375 0.044019
0 0.802515 0.117129 0.017408 0.047847
0 0.796228 0.063541 0.018375 0.044019
0 0.779304 0.16689 0.015474 0.036364
0 0.712089 0.119043 0.018375 0.040191
0 0.724662 0.055885 0.018375 0.044019
0 0.806867 0.341053 0.024178 0.044019
