0 0.307457 0.527968 0.053125 0.142634
0 0.198793 0.865649 0.11784 0.151226
0 0.141804 0.508206 0.044432 0.130604
0 0.09206 0.211768 0.039602 0.111701
0 0.189134 0.087178 0.067613 0.120294
0 0.043765 0.072571 0.03767 0.084205
0 0.458138 0.110378 0.049261 0.084205
0 0.308423 0.124985 0.03767 0.099672
0 0.578393 0.348387 0.050227 0.109983
0 0.549416 0.614751 0.077272 0.171848
0 0.838704 0.570071 0.070511 0.164974
0 0.804414 0.41283 0.050227 0.132323
0 0.749358 0.262463 0.052159 0.127167
0 0.712653 0.052809 0.0425 0.072176
0 0.55666 0.271056 0.03767 0.096235
