0 0.202048 0.368245 0.041546 0.083736
0 0.172097 0.542158 0.045411 0.10628
0 0.0663 0.436683 0.044444 0.088567
0 0.219923 0.609791 0.048309 0.115942
0 0.299633 0.772432 0.058937 0.128824
0 0.233449 0.917359 0.069565 0.125604
0 0.286589 0.573559 0.042512 0.075684
0 0.336831 0.351337 0.034783 0.075684
0 0.35229 0.247472 0.030918 0.080515
0 0.414126 0.158905 0.03285 0.057971
0 0.480309 0.223317 0.037681 0.077295
0 0.465333 0.312689 0.04058 0.043478
0 0.577894 0.823961 0.072464 0.115942
0 0.775961 0.542158 0.033816 0.112721
0 0.958087 0.66132 0.0657 0.070853
0 0.780792 0.21124 0.031884 0.056361
0 0.907845 0.07839 0.028986 0.05475
0 0.892386 0.284509 0.027053 0.070853
0 0.602531 0.166151 0.027053 0.059581
0 0.714609 0.130725 0.028986 0.072464
0 0.635382 0.10496 0.023188 0.069243
0 0.505913 0.117842 0.027053 0.072464
