0 0.218237 0.455651 0.057213 0.104423
0 0.205414 0.661425 0.067077 0.107494
0 0.221196 0.811149 0.078914 0.1336
0 0.313427 0.809613 0.064118 0.102887
0 0.320825 0.951658 0.053267 0.079853
0 0.122771 0.974724 0.077375 0.049201
0 0.126006 0.775061 0.050308 0.110565
0 0.044626 0.768919 0.051294 0.107494
0 0.099373 0.504023 0.042416 0.078317
0 0.043146 0.256787 0.026634 0.059889
0 0.16349 0.284429 0.044389 0.047604
0 0.139323 0.375031 0.039457 0.072174
0 0.299124 0.404208 0.057213 0.069103
0 0.281368 0.302088 0.04143 0.058354
0 0.278409 0.215326 0.047348 0.041462
0 0.417495 0.512469 0.039457 0.082924
0 0.454979 0.728225 0.04143 0.078317
0 0.489011 0.864128 0.066091 0.113636
0 0.60541 0.907893 0.070036 0.121314
0 0.58864 0.643765 0.052281 0.099816
0 0.650292 0.748956 0.080887 0.067568
0 0.755346 0.828808 0.072009 0.110565
0 0.878157 0.739742 0.061158 0.135135
0 0.914161 0.663729 0.070036 0.105958
0 0.962496 0.454115 0.054253 0.070639
0 0.90627 0.454115 0.048335 0.104423
0 0.7006 0.504791 0.053267 0.058354
