0 0.127496 0.482189 0.067274 0.127331
0 0.420464 0.62013 0.054253 0.09095
0 0.634766 0.658026 0.046658 0.078824
0 0.693902 0.75883 0.067274 0.113688
0 0.788303 0.31772 0.030382 0.086403
0 0.847439 0.197211 0.053168 0.05457
0 0.638563 0.180537 0.032552 0.051539
0 0.730252 0.137335 0.040148 0.028801
0 0.728082 0.094892 0.031467 0.043959
0 0.825195 0.047901 0.030382 0.022738
0 0.591363 0.222222 0.042318 0.034864
0 0.463867 0.229044 0.045573 0.069729
0 0.491536 0.172957 0.024957 0.048507
0 0.46875 0.116871 0.020616 0.033348
0 0.595161 0.107018 0.028212 0.056086
0 0.346137 0.216917 0.035807 0.039412
0 0.400391 0.316962 0.046658 0.066697
0 0.400391 0.440503 0.055339 0.068213
0 0.315213 0.265424 0.036892 0.045475
0 0.256076 0.308625 0.057509 0.046991
0 0.197483 0.373048 0.048828 0.087919
0 0.205078 0.257087 0.040148 0.056086
0 0.119358 0.269213 0.053168 0.08034
0 0.054253 0.271487 0.057509 0.057602
0 0.091146 0.170684 0.027127 0.056086
0 0.115017 0.145672 0.024957 0.03638
