1 0.217093 0.332378 0.057927 0.132622
1 0.315163 0.567896 0.093496 0.170732
1 0.19626 0.631159 0.095528 0.205793
1 0.112419 0.295793 0.053862 0.105183
1 0.04687 0.311037 0.065041 0.114329
1 0.101748 0.854482 0.168699 0.280488
1 0.739959 0.313323 0.056911 0.146341
1 0.864959 0.360579 0.085366 0.17378
1 0.934573 0.586189 0.11687 0.268293
1 0.949817 0.344573 0.057927 0.114329
1 0.707947 0.293506 0.049797 0.125
1 0.667297 0.261494 0.041667 0.106707
1 0.573293 0.200518 0.063008 0.121951
1 0.769431 0.180701 0.046748 0.094512
1 0.940163 0.199756 0.052846 0.120427
1 0.850732 0.189085 0.052846 0.099085
1 0.865467 0.057226 0.033537 0.091463
1 0.933049 0.086189 0.038618 0.067073
1 0.956931 0.131921 0.053862 0.097561
1 0.919837 0.037409 0.03252 0.064024
1 0.748089 0.10753 0.04065 0.088415
1 0.789248 0.080091 0.041667 0.067073
1 0.815671 0.144878 0.043699 0.080793
1 0.661199 0.113628 0.039634 0.079268
1 0.694228 0.080854 0.026423 0.059451
1 0.616992 0.160884 0.03252 0.085366
1 0.539248 0.18375 0.037602 0.115854
1 0.38376 0.182226 0.029472 0.070122
1 0.338028 0.163933 0.043699 0.112805
1 0.235386 0.172317 0.055894 0.11128
1 0.064654 0.136494 0.045732 0.097561
1 0.096159 0.097622 0.043699 0.089939
1 0.032134 0.141829 0.037602 0.102134
1 0.036707 0.044268 0.030488 0.050305
1 0.172378 0.030549 0.027439 0.059451
1 0.254695 0.025976 0.027439 0.044207
1 0.27502 0.077805 0.029472 0.0625
1 0.314146 0.102957 0.034553 0.060976
1 0.469126 0.049604 0.027439 0.057927
1 0.424411 0.035122 0.031504 0.056402
1 0.363435 0.062561 0.021341 0.056402
1 0.567195 0.046555 0.034553 0.054878
1 0.53315 0.044268 0.027439 0.059451
