1 0.829164 0.272562 0.105996 0.17868
1 0.827145 0.077983 0.087826 0.131738
1 0.764557 0.208964 0.087826 0.15748
1 0.646951 0.199122 0.056531 0.113568
1 0.547517 0.208964 0.057541 0.115082
1 0.506128 0.171866 0.047446 0.101454
1 0.454644 0.209721 0.055522 0.119624
1 0.409217 0.219564 0.03937 0.099939
1 0.346628 0.24152 0.03937 0.080254
1 0.307258 0.20745 0.049465 0.096911
1 0.233061 0.287704 0.034323 0.057541
1 0.211861 0.234706 0.032304 0.051484
1 0.179053 0.243035 0.035332 0.062084
1 0.151292 0.226378 0.030285 0.062084
1 0.079114 0.298304 0.041389 0.07874
1 0.043277 0.271048 0.030285 0.063598
1 0.585877 0.140067 0.041389 0.086311
