0 0.070801 0.226027 0.032227 0.051059
0 0.123047 0.197385 0.031250 0.043587
0 0.243652 0.252802 0.034180 0.067248
0 0.376953 0.240349 0.025391 0.062267
0 0.700684 0.320672 0.032227 0.068493
0 0.874023 0.334371 0.035156 0.068493
0 0.451660 0.202989 0.028320 0.047323
0 0.554688 0.235367 0.019531 0.039851
0 0.653320 0.234745 0.029297 0.058531
0 0.555176 0.168742 0.024414 0.031133
0 0.698730 0.229141 0.020508 0.034869
0 0.527832 0.271482 0.034180 0.054795
0 0.756348 0.235990 0.024414 0.046077
0 0.808594 0.278954 0.031250 0.054795
0 0.972168 0.247821 0.036133 0.069738
0 0.909668 0.219801 0.026367 0.043587
0 0.261719 0.176214 0.015625 0.028643
0 0.297852 0.221046 0.029297 0.056040
