1 0.292484 0.517157 0.071895 0.142157
1 0.839869 0.594363 0.062092 0.120098
1 0.075163 0.623775 0.042484 0.066176
1 0.941176 0.709559 0.071895 0.154412
1 0.879085 0.372549 0.032680 0.063725
1 0.633987 0.460784 0.068627 0.098039
1 0.113562 0.412990 0.034314 0.071078
1 0.084150 0.341912 0.034314 0.066176
1 0.284314 0.238971 0.016340 0.036765
1 0.397876 0.344363 0.027778 0.056373
1 0.762255 0.357843 0.040850 0.068627
1 0.826797 0.278186 0.016340 0.051471
1 0.812908 0.435049 0.024510 0.080882
1 0.839869 0.360294 0.035948 0.049020
0 0.416667 0.768382 0.068627 0.174020
0 0.732026 0.437500 0.052288 0.085784
0 0.169118 0.337010 0.027778 0.041667
0 0.030229 0.425245 0.053922 0.075980
0 0.742647 0.250000 0.021242 0.029412
0 0.432190 0.246324 0.021242 0.036765
0 0.429739 0.373775 0.026144 0.075980
