1 0.021242 0.731618 0.039216 0.056373
1 0.146242 0.770833 0.073529 0.071078
1 0.219771 0.556373 0.021242 0.044118
1 0.467320 0.825980 0.078431 0.112745
1 0.522876 0.541667 0.026144 0.044118
1 0.901144 0.622549 0.050654 0.083333
1 0.282680 0.661765 0.035948 0.049020
1 0.430556 0.658088 0.037582 0.056373
1 0.556373 0.616422 0.024510 0.036765
1 0.597222 0.633578 0.034314 0.061275
1 0.062092 0.621324 0.029412 0.026961
1 0.373366 0.549020 0.024510 0.044118
1 0.308007 0.506127 0.021242 0.036765
1 0.656046 0.523284 0.017974 0.031863
1 0.688725 0.549020 0.024510 0.024510
1 0.130719 0.582108 0.016340 0.026961
1 0.798203 0.503676 0.034314 0.046569
1 0.609477 0.513480 0.016340 0.026961
1 0.932190 0.471814 0.011438 0.026961
1 0.968137 0.503676 0.024510 0.031863
1 0.495098 0.512255 0.016340 0.044118
1 0.711601 0.846814 0.050654 0.041667
1 0.694444 0.675245 0.029412 0.026961
